Segment Info
Segment Name,133
Recording Name,记录001
Subject Name,被试002
Frequency(Hz),600
Start Time(s),331.304951
End Time(s),333.806987

Id,Time(s),X(%),Y(%),X(px),Y(px),Eye State Type,Velocity(degree/s)
1,331.3052248,52.2692790277574,29.371653883322,1003.57015733294,317.213861939878,注视,9.00055093603502
2,331.306891466667,52.2692790277574,29.371653883322,1003.57015733294,317.213861939878,注视,11.1336146078198
3,331.308558133333,52.2692790277574,29.371653883322,1003.57015733294,317.213861939878,注视,11.0718080564944
4,331.3102248,52.2692790277574,29.371653883322,1003.57015733294,317.213861939878,注视,6.46711362852255
5,331.311891466667,52.2692790277574,29.371653883322,1003.57015733294,317.213861939878,注视,4.59641055636172
6,331.313558133333,52.2692790277574,29.371653883322,1003.57015733294,317.213861939878,注视,7.21750168485676
7,331.3152248,52.2692790277574,29.371653883322,1003.57015733294,317.213861939878,注视,4.23195382785032
8,331.316891466667,52.2692790277574,29.371653883322,1003.57015733294,317.213861939878,注视,3.45562169768241
9,331.318558133333,52.2692790277574,29.371653883322,1003.57015733294,317.213861939878,注视,4.7586259489799
10,331.3202248,52.2692790277574,29.371653883322,1003.57015733294,317.213861939878,注视,8.1738332057837
11,331.321891466667,52.2692790277574,29.371653883322,1003.57015733294,317.213861939878,注视,7.90758959074468
12,331.323558133333,52.2692790277574,29.371653883322,1003.57015733294,317.213861939878,注视,8.90407145313467
13,331.3252248,52.2692790277574,29.371653883322,1003.57015733294,317.213861939878,注视,1.61432062511645
14,331.326891466667,52.2692790277574,29.371653883322,1003.57015733294,317.213861939878,注视,8.04140155517513
15,331.328558133333,52.2692790277574,29.371653883322,1003.57015733294,317.213861939878,注视,10.7170597726545
16,331.3302248,52.2692790277574,29.371653883322,1003.57015733294,317.213861939878,注视,10.7788415866888
17,331.331891466667,52.2692790277574,29.371653883322,1003.57015733294,317.213861939878,注视,8.50074364875754
18,331.333558133333,52.2692790277574,29.371653883322,1003.57015733294,317.213861939878,注视,3.75225536088568
19,331.3352248,52.2692790277574,29.371653883322,1003.57015733294,317.213861939878,注视,8.70456876022626
20,331.336891466667,52.2692790277574,29.371653883322,1003.57015733294,317.213861939878,注视,9.58426733869284
21,331.338558133333,52.2692790277574,29.371653883322,1003.57015733294,317.213861939878,注视,6.78480520353759
22,331.3402248,52.2692790277574,29.371653883322,1003.57015733294,317.213861939878,注视,4.70960905876168
23,331.341891466667,52.2692790277574,29.371653883322,1003.57015733294,317.213861939878,注视,6.22374071863936
24,331.343558133333,52.2692790277574,29.371653883322,1003.57015733294,317.213861939878,注视,6.55605388933604
25,331.3452248,52.2692790277574,29.371653883322,1003.57015733294,317.213861939878,注视,8.17194808602856
26,331.346891466667,52.2692790277574,29.371653883322,1003.57015733294,317.213861939878,注视,2.60167725678914
27,331.348558133333,52.2692790277574,29.371653883322,1003.57015733294,317.213861939878,注视,0.865168229467624
28,331.3502248,52.2692790277574,29.371653883322,1003.57015733294,317.213861939878,注视,1.84680317758521
29,331.351891466667,52.2692790277574,29.371653883322,1003.57015733294,317.213861939878,注视,2.49956886448736
30,331.353558133333,52.2692790277574,29.371653883322,1003.57015733294,317.213861939878,注视,1.87943821785734
31,331.3552248,52.2692790277574,29.371653883322,1003.57015733294,317.213861939878,注视,6.6933273841233
32,331.356891466667,52.2692790277574,29.371653883322,1003.57015733294,317.213861939878,注视,5.8562139958318
33,331.358558133333,52.2692790277574,29.371653883322,1003.57015733294,317.213861939878,注视,2.10456636446244
34,331.3602248,52.2692790277574,29.371653883322,1003.57015733294,317.213861939878,注视,2.10454866867854
35,331.361891466667,52.2692790277574,29.371653883322,1003.57015733294,317.213861939878,注视,0.678716370258991
36,331.363558133333,52.2692790277574,29.371653883322,1003.57015733294,317.213861939878,注视,0.709945031553164
37,331.3652248,52.2692790277574,29.371653883322,1003.57015733294,317.213861939878,注视,5.18994128350406
38,331.366891466667,52.2692790277574,29.371653883322,1003.57015733294,317.213861939878,注视,4.67975691606332
39,331.368558133333,52.2692790277574,29.371653883322,1003.57015733294,317.213861939878,注视,4.30957304269568
40,331.3702248,52.2692790277574,29.371653883322,1003.57015733294,317.213861939878,注视,1.83187282018058
41,331.371891466667,52.2692790277574,29.371653883322,1003.57015733294,317.213861939878,注视,0.677770470980819
42,331.373558133333,52.2692790277574,29.371653883322,1003.57015733294,317.213861939878,注视,3.52999106066773
43,331.3752248,52.2692790277574,29.371653883322,1003.57015733294,317.213861939878,注视,3.31490362637732
44,331.376891466667,52.2692790277574,29.371653883322,1003.57015733294,317.213861939878,注视,2.48445930145343
45,331.378558133333,52.2692790277574,29.371653883322,1003.57015733294,317.213861939878,注视,2.53179261555161
46,331.3802248,52.2692790277574,29.371653883322,1003.57015733294,317.213861939878,注视,2.21799476194888
47,331.381891466667,52.2692790277574,29.371653883322,1003.57015733294,317.213861939878,注视,1.62008145354436
48,331.383558133333,52.2692790277574,29.371653883322,1003.57015733294,317.213861939878,注视,3.08795747386554
49,331.3852248,52.2692790277574,29.371653883322,1003.57015733294,317.213861939878,注视,2.67580376048736
50,331.386891466667,52.2692790277574,29.371653883322,1003.57015733294,317.213861939878,注视,2.21230614317227
51,331.388558133333,52.2692790277574,29.371653883322,1003.57015733294,317.213861939878,注视,2.50796116425934
52,331.3902248,52.2692790277574,29.371653883322,1003.57015733294,317.213861939878,注视,4.93524160909703
53,331.391891466667,52.2692790277574,29.371653883322,1003.57015733294,317.213861939878,注视,0.20093711929305
54,331.393558133333,52.2692790277574,29.371653883322,1003.57015733294,317.213861939878,注视,5.67485919291846
55,331.3952248,52.2692790277574,29.371653883322,1003.57015733294,317.213861939878,注视,2.52861295650749
56,331.396891466667,52.2692790277574,29.371653883322,1003.57015733294,317.213861939878,注视,3.70316450772425
57,331.398558133333,52.2692790277574,29.371653883322,1003.57015733294,317.213861939878,注视,6.27429588816854
58,331.4002248,52.2692790277574,29.371653883322,1003.57015733294,317.213861939878,注视,3.2165565974495
59,331.401891466667,52.2692790277574,29.371653883322,1003.57015733294,317.213861939878,注视,3.01961222302196
60,331.403558133333,52.2692790277574,29.371653883322,1003.57015733294,317.213861939878,注视,3.52855989051044
61,331.4052248,52.2692790277574,29.371653883322,1003.57015733294,317.213861939878,注视,2.41859461168436
62,331.406891466667,52.2692790277574,29.371653883322,1003.57015733294,317.213861939878,注视,4.07126694155209
63,331.408558133333,52.2692790277574,29.371653883322,1003.57015733294,317.213861939878,注视,6.51911606637641
64,331.4102248,52.2692790277574,29.371653883322,1003.57015733294,317.213861939878,注视,4.10880985714573
65,331.411891466667,52.2692790277574,29.371653883322,1003.57015733294,317.213861939878,注视,1.7037095224846
66,331.413558133333,52.2692790277574,29.371653883322,1003.57015733294,317.213861939878,注视,5.22321345848322
67,331.4152248,52.2692790277574,29.371653883322,1003.57015733294,317.213861939878,注视,2.44755032881381
68,331.416891466667,52.2692790277574,29.371653883322,1003.57015733294,317.213861939878,注视,7.80413504954534
69,331.418558133333,52.2692790277574,29.371653883322,1003.57015733294,317.213861939878,注视,7.04694239156975
70,331.4202248,52.2692790277574,29.371653883322,1003.57015733294,317.213861939878,注视,4.15984824552355
71,331.421891466667,52.2692790277574,29.371653883322,1003.57015733294,317.213861939878,注视,7.31859116104467
72,331.423558133333,52.2692790277574,29.371653883322,1003.57015733294,317.213861939878,注视,0.720642441599147
73,331.4252248,52.2692790277574,29.371653883322,1003.57015733294,317.213861939878,注视,0.203028069883251
74,331.426891466667,52.2692790277574,29.371653883322,1003.57015733294,317.213861939878,注视,2.99355006335975
75,331.428558133333,52.2692790277574,29.371653883322,1003.57015733294,317.213861939878,注视,3.81215016112362
76,331.4302248,52.2692790277574,29.371653883322,1003.57015733294,317.213861939878,注视,2.77263805881128
77,331.431891466667,52.2692790277574,29.371653883322,1003.57015733294,317.213861939878,注视,6.90703451961722
78,331.433558133333,52.2692790277574,29.371653883322,1003.57015733294,317.213861939878,注视,7.12870532740319
79,331.4352248,52.2692790277574,29.371653883322,1003.57015733294,317.213861939878,注视,7.12115381653187
80,331.436891466667,52.2692790277574,29.371653883322,1003.57015733294,317.213861939878,注视,6.84116216303195
81,331.438558133333,52.2692790277574,29.371653883322,1003.57015733294,317.213861939878,注视,3.02549654904074
82,331.4402248,52.2692790277574,29.371653883322,1003.57015733294,317.213861939878,注视,5.9085032544331
83,331.441891466667,52.2692790277574,29.371653883322,1003.57015733294,317.213861939878,注视,5.65026080185231
84,331.443558133333,52.2692790277574,29.371653883322,1003.57015733294,317.213861939878,注视,3.53744310645577
85,331.4452248,52.2692790277574,29.371653883322,1003.57015733294,317.213861939878,注视,3.30162122729684
86,331.446891466667,52.2692790277574,29.371653883322,1003.57015733294,317.213861939878,注视,2.86074947127443
87,331.448558133333,52.2692790277574,29.371653883322,1003.57015733294,317.213861939878,注视,1.79803282632258
88,331.4502248,52.2692790277574,29.371653883322,1003.57015733294,317.213861939878,注视,1.86111026898717
89,331.451891466667,52.2692790277574,29.371653883322,1003.57015733294,317.213861939878,注视,6.96351772554698
90,331.453558133333,52.2692790277574,29.371653883322,1003.57015733294,317.213861939878,注视,7.28039371944883
91,331.4552248,52.2692790277574,29.371653883322,1003.57015733294,317.213861939878,注视,7.42420158498451
92,331.456891466667,52.2692790277574,29.371653883322,1003.57015733294,317.213861939878,注视,5.45165766797348
93,331.458558133333,52.2692790277574,29.371653883322,1003.57015733294,317.213861939878,注视,2.78707810258447
94,331.4602248,52.2692790277574,29.371653883322,1003.57015733294,317.213861939878,注视,3.52396108612334
95,331.461891466667,52.2692790277574,29.371653883322,1003.57015733294,317.213861939878,注视,4.40558721702166
96,331.463558133333,52.2692790277574,29.371653883322,1003.57015733294,317.213861939878,注视,2.76325513231344
97,331.4652248,52.2692790277574,29.371653883322,1003.57015733294,317.213861939878,注视,2.26237181201586
98,331.466891466667,52.2692790277574,29.371653883322,1003.57015733294,317.213861939878,注视,0.372826139529169
99,331.468558133333,52.2692790277574,29.371653883322,1003.57015733294,317.213861939878,注视,4.96736243121336
100,331.4702248,52.2692790277574,29.371653883322,1003.57015733294,317.213861939878,注视,7.55340475548975
101,331.471891466667,52.2692790277574,29.371653883322,1003.57015733294,317.213861939878,注视,6.29943845535213
102,331.473558133333,52.2692790277574,29.371653883322,1003.57015733294,317.213861939878,注视,5.66485437327944
103,331.4752248,52.2692790277574,29.371653883322,1003.57015733294,317.213861939878,注视,7.59147328891578
104,331.476891466667,52.2692790277574,29.371653883322,1003.57015733294,317.213861939878,注视,3.40742373495852
105,331.478558133333,52.2692790277574,29.371653883322,1003.57015733294,317.213861939878,注视,2.47843469648491
106,331.4802248,52.2692790277574,29.371653883322,1003.57015733294,317.213861939878,注视,4.70804362202813
107,331.481891466667,52.2692790277574,29.371653883322,1003.57015733294,317.213861939878,注视,9.68120737478518
108,331.483558133333,52.2692790277574,29.371653883322,1003.57015733294,317.213861939878,注视,9.62561152742456
109,331.4852248,52.2692790277574,29.371653883322,1003.57015733294,317.213861939878,注视,5.50066706034687
110,331.486891466667,52.2692790277574,29.371653883322,1003.57015733294,317.213861939878,注视,5.47256098727874
111,331.488558133333,52.2692790277574,29.371653883322,1003.57015733294,317.213861939878,注视,3.07781288337127
112,331.4902248,52.2692790277574,29.371653883322,1003.57015733294,317.213861939878,注视,6.59944042382247
113,331.491891466667,52.2692790277574,29.371653883322,1003.57015733294,317.213861939878,注视,6.46502448971271
114,331.493558133333,52.2692790277574,29.371653883322,1003.57015733294,317.213861939878,注视,6.24116092470699
115,331.4952248,52.2692790277574,29.371653883322,1003.57015733294,317.213861939878,注视,3.32590513359995
116,331.496891466667,52.2692790277574,29.371653883322,1003.57015733294,317.213861939878,注视,1.23286573628093
117,331.498558133333,52.2692790277574,29.371653883322,1003.57015733294,317.213861939878,注视,5.97005459735785
118,331.5002248,52.2692790277574,29.371653883322,1003.57015733294,317.213861939878,注视,3.48326209252413
119,331.501891466667,52.2692790277574,29.371653883322,1003.57015733294,317.213861939878,注视,5.81189541022036
120,331.503558133333,52.2692790277574,29.371653883322,1003.57015733294,317.213861939878,注视,7.82986165528093
121,331.5052248,52.2692790277574,29.371653883322,1003.57015733294,317.213861939878,注视,7.31133624608493
122,331.506891466667,52.2692790277574,29.371653883322,1003.57015733294,317.213861939878,注视,5.59682574673838
123,331.508558133333,52.2692790277574,29.371653883322,1003.57015733294,317.213861939878,注视,5.44541276019077
124,331.5102248,52.2692790277574,29.371653883322,1003.57015733294,317.213861939878,注视,5.23351421230173
125,331.511891466667,52.2692790277574,29.371653883322,1003.57015733294,317.213861939878,注视,9.95884954828777
126,331.513558133333,52.2692790277574,29.371653883322,1003.57015733294,317.213861939878,注视,10.6188111945915
127,331.5152248,52.2692790277574,29.371653883322,1003.57015733294,317.213861939878,注视,9.28733211031559
128,331.516891466667,52.2692790277574,29.371653883322,1003.57015733294,317.213861939878,注视,3.36714405011984
129,331.518558133333,52.2692790277574,29.371653883322,1003.57015733294,317.213861939878,注视,5.17038358056231
130,331.5202248,52.2692790277574,29.371653883322,1003.57015733294,317.213861939878,注视,2.47538869789154
131,331.521891466667,52.2692790277574,29.371653883322,1003.57015733294,317.213861939878,注视,6.28748777661299
132,331.523558133333,52.2692790277574,29.371653883322,1003.57015733294,317.213861939878,注视,6.43158033116607
133,331.5252248,52.2692790277574,29.371653883322,1003.57015733294,317.213861939878,注视,7.87442603218089
134,331.526891466667,52.2692790277574,29.371653883322,1003.57015733294,317.213861939878,注视,9.71143864076008
135,331.528558133333,52.2692790277574,29.371653883322,1003.57015733294,317.213861939878,注视,7.39955932666677
136,331.5302248,52.2692790277574,29.371653883322,1003.57015733294,317.213861939878,注视,6.1528662322651
137,331.531891466667,52.2692790277574,29.371653883322,1003.57015733294,317.213861939878,注视,4.94466814870452
138,331.533558133333,52.2692790277574,29.371653883322,1003.57015733294,317.213861939878,注视,6.44441430437478
139,331.5352248,52.2692790277574,29.371653883322,1003.57015733294,317.213861939878,注视,5.02360232950346
140,331.536891466667,52.2692790277574,29.371653883322,1003.57015733294,317.213861939878,注视,4.32022131215822
141,331.538558133333,52.2692790277574,29.371653883322,1003.57015733294,317.213861939878,注视,0.737312038982019
142,331.5402248,52.2692790277574,29.371653883322,1003.57015733294,317.213861939878,注视,4.88221182208108
143,331.541891466667,52.2692790277574,29.371653883322,1003.57015733294,317.213861939878,注视,3.39967830497313
144,331.543558133333,52.2692790277574,29.371653883322,1003.57015733294,317.213861939878,注视,3.04234815798741
145,331.5452248,52.2692790277574,29.371653883322,1003.57015733294,317.213861939878,注视,5.02207899797194
146,331.546891466667,52.2692790277574,29.371653883322,1003.57015733294,317.213861939878,注视,5.62952972105661
147,331.548558133333,52.2692790277574,29.371653883322,1003.57015733294,317.213861939878,注视,4.4701170011026
148,331.5502248,52.2692790277574,29.371653883322,1003.57015733294,317.213861939878,注视,4.25812386225737
149,331.551891466667,52.2692790277574,29.371653883322,1003.57015733294,317.213861939878,注视,3.2964651706996
150,331.553558133333,52.2692790277574,29.371653883322,1003.57015733294,317.213861939878,注视,1.53616045685116
151,331.5552248,52.2692790277574,29.371653883322,1003.57015733294,317.213861939878,注视,4.63734408962926
152,331.556891466667,52.2692790277574,29.371653883322,1003.57015733294,317.213861939878,注视,4.45707074812227
153,331.558558133333,52.2692790277574,29.371653883322,1003.57015733294,317.213861939878,注视,2.87064699475282
154,331.5602248,52.2692790277574,29.371653883322,1003.57015733294,317.213861939878,注视,6.03096361835
155,331.561891466667,52.2692790277574,29.371653883322,1003.57015733294,317.213861939878,注视,2.75064684311746
156,331.563558133333,52.2692790277574,29.371653883322,1003.57015733294,317.213861939878,注视,4.3090344863348
157,331.5652248,52.2692790277574,29.371653883322,1003.57015733294,317.213861939878,注视,4.18729892112457
158,331.566891466667,52.2692790277574,29.371653883322,1003.57015733294,317.213861939878,注视,7.06993718142224
159,331.568558133333,52.2692790277574,29.371653883322,1003.57015733294,317.213861939878,注视,9.19798595253012
160,331.5702248,52.2692790277574,29.371653883322,1003.57015733294,317.213861939878,注视,9.12806234219344
161,331.571891466667,52.2692790277574,29.371653883322,1003.57015733294,317.213861939878,注视,6.54646839214106
162,331.573558133333,52.2692790277574,29.371653883322,1003.57015733294,317.213861939878,注视,7.91071843208465
163,331.5752248,52.2692790277574,29.371653883322,1003.57015733294,317.213861939878,注视,5.94873872810354
164,331.576891466667,52.2692790277574,29.371653883322,1003.57015733294,317.213861939878,注视,5.83663160781336
165,331.578558133333,52.2692790277574,29.371653883322,1003.57015733294,317.213861939878,注视,12.1087154649356
166,331.5802248,52.2692790277574,29.371653883322,1003.57015733294,317.213861939878,注视,4.71911414900783
167,331.581891466667,52.2692790277574,29.371653883322,1003.57015733294,317.213861939878,注视,5.8210644599216
168,331.583558133333,52.2692790277574,29.371653883322,1003.57015733294,317.213861939878,注视,0.940281195547244
169,331.5852248,52.2692790277574,29.371653883322,1003.57015733294,317.213861939878,注视,4.6701124779929
170,331.586891466667,52.2692790277574,29.371653883322,1003.57015733294,317.213861939878,注视,6.46600215705124
171,331.588558133333,52.2692790277574,29.371653883322,1003.57015733294,317.213861939878,注视,7.65513904112737
172,331.5902248,52.2692790277574,29.371653883322,1003.57015733294,317.213861939878,注视,9.55196489663623
173,331.591891466667,52.2692790277574,29.371653883322,1003.57015733294,317.213861939878,注视,2.5402815180301
174,331.593558133333,52.2692790277574,29.371653883322,1003.57015733294,317.213861939878,注视,3.26294406724627
175,331.5952248,52.2692790277574,29.371653883322,1003.57015733294,317.213861939878,注视,4.24655046254371
176,331.596891466667,52.2692790277574,29.371653883322,1003.57015733294,317.213861939878,注视,4.24654851983279
177,331.598558133333,52.2692790277574,29.371653883322,1003.57015733294,317.213861939878,注视,8.02974380333909
178,331.6002248,52.2692790277574,29.371653883322,1003.57015733294,317.213861939878,注视,7.8901721124608
179,331.601891466667,52.2692790277574,29.371653883322,1003.57015733294,317.213861939878,注视,2.20855194550126
180,331.603558133333,52.2692790277574,29.371653883322,1003.57015733294,317.213861939878,注视,1.62164458885459
181,331.6052248,52.2692790277574,29.371653883322,1003.57015733294,317.213861939878,注视,2.4122485163672
182,331.606891466667,52.2692790277574,29.371653883322,1003.57015733294,317.213861939878,注视,6.61358813338797
183,331.608558133333,52.2692790277574,29.371653883322,1003.57015733294,317.213861939878,注视,5.21038634475538
184,331.6102248,52.2692790277574,29.371653883322,1003.57015733294,317.213861939878,注视,4.80026716726265
185,331.611891466667,52.2692790277574,29.371653883322,1003.57015733294,317.213861939878,注视,1.28150620101135
186,331.613558133333,52.2692790277574,29.371653883322,1003.57015733294,317.213861939878,注视,1.94470231318365
187,331.6152248,52.2692790277574,29.371653883322,1003.57015733294,317.213861939878,注视,4.03340983344988
188,331.616891466667,52.2692790277574,29.371653883322,1003.57015733294,317.213861939878,注视,2.03782486512656
189,331.618558133333,52.2692790277574,29.371653883322,1003.57015733294,317.213861939878,注视,6.1607170669304
190,331.6202248,52.2692790277574,29.371653883322,1003.57015733294,317.213861939878,注视,6.32861020772791
191,331.621891466667,52.2692790277574,29.371653883322,1003.57015733294,317.213861939878,注视,1.6057970847917
192,331.623558133333,52.2692790277574,29.371653883322,1003.57015733294,317.213861939878,注视,0.878754066709396
193,331.6252248,52.2692790277574,29.371653883322,1003.57015733294,317.213861939878,注视,1.09741075782878
194,331.626891466667,52.2692790277574,29.371653883322,1003.57015733294,317.213861939878,注视,3.07698005936982
195,331.628558133333,52.2692790277574,29.371653883322,1003.57015733294,317.213861939878,注视,3.01882020680388
196,331.6302248,52.2692790277574,29.371653883322,1003.57015733294,317.213861939878,注视,5.55347826060807
197,331.631891466667,52.2692790277574,29.371653883322,1003.57015733294,317.213861939878,注视,3.67151485295311
198,331.633558133333,52.2692790277574,29.371653883322,1003.57015733294,317.213861939878,注视,3.469958937292
199,331.6352248,52.2692790277574,29.371653883322,1003.57015733294,317.213861939878,注视,0.472008200655727
200,331.636891466667,52.2692790277574,29.371653883322,1003.57015733294,317.213861939878,注视,2.69026077772578
201,331.638558133333,52.2692790277574,29.371653883322,1003.57015733294,317.213861939878,注视,5.34399981348602
202,331.6402248,52.2692790277574,29.371653883322,1003.57015733294,317.213861939878,注视,5.50165930266497
203,331.641891466667,52.2692790277574,29.371653883322,1003.57015733294,317.213861939878,注视,3.66168288766521
204,331.643558133333,52.2692790277574,29.371653883322,1003.57015733294,317.213861939878,注视,2.90761049092741
205,331.6452248,52.2692790277574,29.371653883322,1003.57015733294,317.213861939878,注视,3.32402724258923
206,331.646891466667,52.2692790277574,29.371653883322,1003.57015733294,317.213861939878,注视,4.4693668924201
207,331.648558133333,52.2692790277574,29.371653883322,1003.57015733294,317.213861939878,注视,3.60343866297849
208,331.6502248,52.2692790277574,29.371653883322,1003.57015733294,317.213861939878,注视,5.42383947912717
209,331.651891466667,52.2692790277574,29.371653883322,1003.57015733294,317.213861939878,注视,1.97801362940078
210,331.653558133333,52.2692790277574,29.371653883322,1003.57015733294,317.213861939878,注视,5.18626789842091
211,331.6552248,52.2692790277574,29.371653883322,1003.57015733294,317.213861939878,注视,5.73968174929162
212,331.656891466667,52.2692790277574,29.371653883322,1003.57015733294,317.213861939878,注视,5.37954580332638
213,331.658558133333,52.2692790277574,29.371653883322,1003.57015733294,317.213861939878,注视,4.24947947335211
214,331.6602248,52.2692790277574,29.371653883322,1003.57015733294,317.213861939878,注视,3.82483612020601
215,331.661891466667,52.2692790277574,29.371653883322,1003.57015733294,317.213861939878,注视,4.10861656463403
216,331.663558133333,52.2692790277574,29.371653883322,1003.57015733294,317.213861939878,注视,3.27298854671745
217,331.6652248,52.2692790277574,29.371653883322,1003.57015733294,317.213861939878,注视,5.43262676023853
218,331.666891466667,52.2692790277574,29.371653883322,1003.57015733294,317.213861939878,注视,4.96748515919372
219,331.668558133333,52.2692790277574,29.371653883322,1003.57015733294,317.213861939878,注视,5.11989901450302
220,331.6702248,52.2692790277574,29.371653883322,1003.57015733294,317.213861939878,注视,3.57856738613961
221,331.671891466667,52.2692790277574,29.371653883322,1003.57015733294,317.213861939878,注视,9.34250867967953
222,331.673558133333,52.2692790277574,29.371653883322,1003.57015733294,317.213861939878,注视,4.59192621921707
223,331.6752248,52.2692790277574,29.371653883322,1003.57015733294,317.213861939878,注视,9.47007086304882
224,331.676891466667,52.2692790277574,29.371653883322,1003.57015733294,317.213861939878,注视,11.5660462701833
225,331.678558133333,52.2692790277574,29.371653883322,1003.57015733294,317.213861939878,注视,10.0696570522179
226,331.6802248,52.2692790277574,29.371653883322,1003.57015733294,317.213861939878,注视,7.21780243738281
227,331.681891466667,52.2692790277574,29.371653883322,1003.57015733294,317.213861939878,注视,0.81671947972536
228,331.683558133333,52.2692790277574,29.371653883322,1003.57015733294,317.213861939878,注视,14.2217979799743
229,331.6852248,52.2692790277574,29.371653883322,1003.57015733294,317.213861939878,注视,18.2698563166306
230,331.686891466667,52.2692790277574,29.371653883322,1003.57015733294,317.213861939878,注视,29.485761612135
231,331.688558133333,52.5690674781799,29.6702906489372,1009.32609558105,320.439139008522,眼跳,39.9747880217452
232,331.6902248,52.5690674781799,29.6702906489372,1009.32609558105,320.439139008522,眼跳,70.592142464777
233,331.691891466667,52.3009210824966,29.7379329800606,1004.17768478394,321.169676184654,眼跳,89.3933997679853
234,331.693558133333,51.969975233078,30.5171877145767,997.823524475098,329.585627317429,眼跳,101.896546869993
235,331.6952248,51.8611550331116,30.811420083046,995.734176635742,332.763336896896,眼跳,137.516434076817
236,331.696891466667,51.674872636795,31.4188852906227,992.157554626465,339.323961138725,眼跳,169.808428620149
237,331.698558133333,51.2957453727722,31.5043702721596,984.878311157227,340.247198939323,眼跳,204.258713922194
238,331.7002248,50.6924718618393,33.1193074584007,973.295459747314,357.688520550728,眼跳,236.171090680767
239,331.701891466667,49.9067842960358,33.331698179245,958.210258483887,359.982340335846,眼跳,268.92441219604
240,331.703558133333,49.3034109473228,33.6651965975761,946.625490188599,363.584123253822,眼跳,290.545372279588
241,331.7052248,48.5700979828835,35.4942187666893,932.545881271362,383.337562680244,眼跳,308.447955600778
242,331.706891466667,47.8112950921059,37.0480626821518,917.976865768433,400.119076967239,眼跳,336.064190205367
243,331.708558133333,46.7747732996941,38.4176924824715,898.075647354126,414.911078810692,眼跳,365.233714009426
244,331.7102248,45.8870112895966,39.804995059967,881.030616760254,429.893946647644,眼跳,359.053452598521
245,331.711891466667,44.9202224612236,41.7199149727821,862.468271255493,450.575081706047,眼跳,368.3824299111
246,331.713558133333,43.961775302887,43.3760344982147,844.06608581543,468.461172580719,眼跳,379.205736748308
247,331.7152248,43.6028957366943,44.918891787529,837.175598144531,485.124031305313,眼跳,385.223564450305
248,331.716891466667,42.2960862517357,46.0397511720657,812.084856033325,497.22931265831,眼跳,379.290064336539
249,331.718558133333,41.2146523594856,47.6132526993752,791.321325302124,514.223129153252,眼跳,369.843909504653
250,331.7202248,40.7895028591156,48.9645019173622,783.15845489502,528.816620707512,眼跳,357.8792278119
251,331.721891466667,40.3167545795441,50.6505876779556,774.081687927246,547.026346921921,眼跳,323.801569613944
252,331.723558133333,39.2991304397583,51.2645363807678,754.543304443359,553.656992912292,眼跳,310.004255553274
253,331.7252248,37.89963722229,52.4259209632874,727.673034667969,566.199946403503,眼跳,285.851805191681
254,331.726891466667,37.4459758400917,54.0060460567474,718.962736129761,583.265297412872,眼跳,250.315668150773
255,331.728558133333,36.9930773973465,55.570587515831,710.267086029053,600.162345170975,眼跳,214.872708185085
256,331.7302248,36.9337141513824,57.2885006666183,709.127311706543,618.715807199478,眼跳,193.338311709679
257,331.731891466667,36.7025196552277,57.3600500822067,704.688377380371,619.488540887833,眼跳,162.128084080712
258,331.733558133333,36.7025196552277,59.3142241239548,704.688377380371,640.593620538712,眼跳,142.50122182275
259,331.7352248,36.7077767848969,59.3324989080429,704.78931427002,640.790988206863,眼跳,114.206895120788
260,331.736891466667,36.7077767848969,59.3142241239548,704.78931427002,640.593620538712,眼跳,88.47303692525
261,331.738558133333,36.6612732410431,59.3324989080429,703.896446228027,640.790988206863,眼跳,63.7623804558094
262,331.7402248,36.6612732410431,59.4785541296005,703.896446228027,642.368384599686,眼跳,38.6208240443261
263,331.741891466667,36.866994202137,59.488582611084,707.84628868103,642.476692199707,眼跳,38.7829061018287
264,331.743558133333,36.8775680661201,59.6864610910416,708.049306869507,644.613779783249,Gap,15.973185514114
265,331.7452248,36.8870064616203,59.7899228334427,708.23052406311,645.731166601181,Gap,15.2324525122876
266,331.746891466667,36.8930652737617,59.7979009151459,708.346853256226,645.817329883575,Gap,19.9808892519842
267,331.748558133333,37.100213766098,59.7979009151459,712.324104309082,645.817329883575,Gap,27.7711676102448
268,331.7502248,37.1827036142349,59.7632899880409,713.907909393311,645.443531870842,Gap,31.4654017684587
269,331.751891466667,37.2651934623718,59.728679060936,715.491714477539,645.069733858109,Gap,27.9982192014377
270,331.753558133333,37.2651934623718,59.6666008234024,715.491714477539,644.399288892746,Gap,29.6079467970998
271,331.7552248,37.4661736190319,59.2633783817291,719.350533485413,640.044486522675,Gap,33.2396426643337
272,331.756891466667,37.4661736190319,59.2633783817291,719.350533485413,640.044486522675,Gap,32.3668198753228
273,331.758558133333,37.667153775692,58.8601559400558,723.209352493286,635.689684152603,Gap,27.8531408843688
274,331.7602248,37.7877190709114,58.8601559400558,725.524206161499,635.689684152603,Gap,26.9252236440804
275,331.761891466667,37.8523498773575,58.8488310575485,726.765117645264,635.567375421524,Gap,29.4643984333593
276,331.763558133333,37.882237136364,58.8488310575485,727.338953018188,635.567375421524,眼跳,31.5386923647352
277,331.7652248,37.8523498773575,58.3887666463852,726.765117645264,630.59867978096,眼跳,30.3033134366111
278,331.766891466667,38.4346324663896,56.8748616637328,737.94494335468,614.248505968314,注视,24.2886728708507
279,331.768558133333,38.4346324663896,56.8748616637328,737.94494335468,614.248505968314,注视,17.6188752701116
280,331.7702248,38.4346324663896,56.8748616637328,737.94494335468,614.248505968314,注视,17.1175583236554
281,331.771891466667,38.4346324663896,56.8748616637328,737.94494335468,614.248505968314,注视,18.5549884937227
282,331.773558133333,38.4346324663896,56.8748616637328,737.94494335468,614.248505968314,注视,21.5018864626643
283,331.7752248,38.4346324663896,56.8748616637328,737.94494335468,614.248505968314,注视,19.5892187419269
284,331.776891466667,38.4346324663896,56.8748616637328,737.94494335468,614.248505968314,注视,17.0241490106907
285,331.778558133333,38.4346324663896,56.8748616637328,737.94494335468,614.248505968314,注视,20.0777491635249
286,331.7802248,38.4346324663896,56.8748616637328,737.94494335468,614.248505968314,注视,16.5961839821701
287,331.781891466667,38.4346324663896,56.8748616637328,737.94494335468,614.248505968314,注视,14.8865644508557
288,331.783558133333,38.4346324663896,56.8748616637328,737.94494335468,614.248505968314,注视,15.0957910527746
289,331.7852248,38.4346324663896,56.8748616637328,737.94494335468,614.248505968314,注视,14.7277658096461
290,331.786891466667,38.4346324663896,56.8748616637328,737.94494335468,614.248505968314,注视,15.8831322147178
291,331.788558133333,38.4346324663896,56.8748616637328,737.94494335468,614.248505968314,注视,16.1948558588938
292,331.7902248,38.4346324663896,56.8748616637328,737.94494335468,614.248505968314,注视,9.22564840468502
293,331.791891466667,38.4346324663896,56.8748616637328,737.94494335468,614.248505968314,注视,13.8764956525731
294,331.793558133333,38.4346324663896,56.8748616637328,737.94494335468,614.248505968314,注视,10.1706921024342
295,331.7952248,38.4346324663896,56.8748616637328,737.94494335468,614.248505968314,注视,10.0041952010225
296,331.796891466667,38.4346324663896,56.8748616637328,737.94494335468,614.248505968314,注视,9.72521639076184
297,331.798558133333,38.4346324663896,56.8748616637328,737.94494335468,614.248505968314,注视,9.53686810890623
298,331.8002248,38.4346324663896,56.8748616637328,737.94494335468,614.248505968314,注视,6.40959519074546
299,331.801891466667,38.4346324663896,56.8748616637328,737.94494335468,614.248505968314,注视,10.4683884307277
300,331.803558133333,38.4346324663896,56.8748616637328,737.94494335468,614.248505968314,注视,4.24428343612435
301,331.8052248,38.4346324663896,56.8748616637328,737.94494335468,614.248505968314,注视,8.53411362902447
302,331.806891466667,38.4346324663896,56.8748616637328,737.94494335468,614.248505968314,注视,7.78979856894916
303,331.808558133333,38.4346324663896,56.8748616637328,737.94494335468,614.248505968314,注视,6.42514514676903
304,331.8102248,38.4346324663896,56.8748616637328,737.94494335468,614.248505968314,注视,14.5079965683026
305,331.811891466667,38.4346324663896,56.8748616637328,737.94494335468,614.248505968314,注视,8.39381613704058
306,331.813558133333,38.4346324663896,56.8748616637328,737.94494335468,614.248505968314,注视,5.56429708886011
307,331.8152248,38.4346324663896,56.8748616637328,737.94494335468,614.248505968314,注视,3.39986666530298
308,331.816891466667,38.4346324663896,56.8748616637328,737.94494335468,614.248505968314,注视,7.11220354358115
309,331.818558133333,38.4346324663896,56.8748616637328,737.94494335468,614.248505968314,注视,6.03062561421455
310,331.8202248,38.4346324663896,56.8748616637328,737.94494335468,614.248505968314,注视,12.0763734911113
311,331.821891466667,38.4346324663896,56.8748616637328,737.94494335468,614.248505968314,注视,2.33583910191989
312,331.823558133333,38.4346324663896,56.8748616637328,737.94494335468,614.248505968314,注视,5.50153304052649
313,331.8252248,38.4346324663896,56.8748616637328,737.94494335468,614.248505968314,注视,2.09312894504382
314,331.826891466667,38.4346324663896,56.8748616637328,737.94494335468,614.248505968314,注视,3.93407049073917
315,331.828558133333,38.4346324663896,56.8748616637328,737.94494335468,614.248505968314,注视,4.26490728009065
316,331.8302248,38.4346324663896,56.8748616637328,737.94494335468,614.248505968314,注视,5.98382565796216
317,331.831891466667,38.4346324663896,56.8748616637328,737.94494335468,614.248505968314,注视,6.33179425570573
318,331.833558133333,38.4346324663896,56.8748616637328,737.94494335468,614.248505968314,注视,0.944215438198821
319,331.8352248,38.4346324663896,56.8748616637328,737.94494335468,614.248505968314,注视,0.816317074431266
320,331.836891466667,38.4346324663896,56.8748616637328,737.94494335468,614.248505968314,注视,3.33675698277605
321,331.838558133333,38.4346324663896,56.8748616637328,737.94494335468,614.248505968314,注视,8.25475991672834
322,331.8402248,38.4346324663896,56.8748616637328,737.94494335468,614.248505968314,注视,7.45660690733809
323,331.841891466667,38.4346324663896,56.8748616637328,737.94494335468,614.248505968314,注视,9.34881185546333
324,331.843558133333,38.4346324663896,56.8748616637328,737.94494335468,614.248505968314,注视,8.36917444926772
325,331.8452248,38.4346324663896,56.8748616637328,737.94494335468,614.248505968314,注视,10.6923105041814
326,331.846891466667,38.4346324663896,56.8748616637328,737.94494335468,614.248505968314,注视,7.04896789867514
327,331.848558133333,38.4346324663896,56.8748616637328,737.94494335468,614.248505968314,注视,5.51284236094977
328,331.8502248,38.4346324663896,56.8748616637328,737.94494335468,614.248505968314,注视,2.88203613647781
329,331.851891466667,38.4346324663896,56.8748616637328,737.94494335468,614.248505968314,注视,6.57222365839576
330,331.853558133333,38.4346324663896,56.8748616637328,737.94494335468,614.248505968314,注视,7.9949394028833
331,331.8552248,38.4346324663896,56.8748616637328,737.94494335468,614.248505968314,注视,5.84886713245608
332,331.856891466667,38.4346324663896,56.8748616637328,737.94494335468,614.248505968314,注视,8.07783767499555
333,331.858558133333,38.4346324663896,56.8748616637328,737.94494335468,614.248505968314,注视,4.23198437212027
334,331.8602248,38.4346324663896,56.8748616637328,737.94494335468,614.248505968314,注视,3.89909010149777
335,331.861891466667,38.4346324663896,56.8748616637328,737.94494335468,614.248505968314,注视,4.77759907220747
336,331.863558133333,38.4346324663896,56.8748616637328,737.94494335468,614.248505968314,注视,5.11345461520085
337,331.8652248,38.4346324663896,56.8748616637328,737.94494335468,614.248505968314,注视,8.77119619333589
338,331.866891466667,38.4346324663896,56.8748616637328,737.94494335468,614.248505968314,注视,8.58515466452194
339,331.868558133333,38.4346324663896,56.8748616637328,737.94494335468,614.248505968314,注视,6.09967567422651
340,331.8702248,38.4346324663896,56.8748616637328,737.94494335468,614.248505968314,注视,4.58851617138332
341,331.871891466667,38.4346324663896,56.8748616637328,737.94494335468,614.248505968314,注视,5.49337293700791
342,331.873558133333,38.4346324663896,56.8748616637328,737.94494335468,614.248505968314,注视,3.8542739501069
343,331.8752248,38.4346324663896,56.8748616637328,737.94494335468,614.248505968314,注视,5.5972475877137
344,331.876891466667,38.4346324663896,56.8748616637328,737.94494335468,614.248505968314,注视,6.98268969856944
345,331.878558133333,38.4346324663896,56.8748616637328,737.94494335468,614.248505968314,注视,10.6142368557919
346,331.8802248,38.4346324663896,56.8748616637328,737.94494335468,614.248505968314,注视,5.54944324105214
347,331.881891466667,38.4346324663896,56.8748616637328,737.94494335468,614.248505968314,注视,6.48782783691312
348,331.883558133333,38.4346324663896,56.8748616637328,737.94494335468,614.248505968314,注视,3.40836941737554
349,331.8852248,38.4346324663896,56.8748616637328,737.94494335468,614.248505968314,注视,7.60650364810509
350,331.886891466667,38.4346324663896,56.8748616637328,737.94494335468,614.248505968314,注视,9.10887133535297
351,331.888558133333,38.4346324663896,56.8748616637328,737.94494335468,614.248505968314,注视,9.56383916368562
352,331.8902248,38.4346324663896,56.8748616637328,737.94494335468,614.248505968314,注视,10.1592450836009
353,331.891891466667,38.4346324663896,56.8748616637328,737.94494335468,614.248505968314,注视,10.6945866694586
354,331.893558133333,38.4346324663896,56.8748616637328,737.94494335468,614.248505968314,注视,0.641531936128183
355,331.8952248,38.4346324663896,56.8748616637328,737.94494335468,614.248505968314,注视,20.8796769448915
356,331.896891466667,38.3823901414871,56.5267860889435,736.941890716553,610.48928976059,眼跳,37.3522366803081
357,331.898558133333,38.3823901414871,56.5008640289307,736.941890716553,610.209331512451,眼跳,52.3336656369362
358,331.9002248,38.4410187602043,56.2676817178726,738.067560195923,607.690962553024,眼跳,86.9955006005016
359,331.901891466667,38.4935349225998,56.2676817178726,739.075870513916,607.690962553024,眼跳,107.885405659369
360,331.903558133333,38.6703103780746,56.6921651363373,742.469959259033,612.275383472443,眼跳,125.636269783741
361,331.9052248,39.0816211700439,57.6320707798004,750.367126464844,622.426364421844,眼跳,166.311869897327
362,331.906891466667,39.6234974265099,57.9837054014206,760.771150588989,626.224018335342,眼跳,196.210252765775
363,331.908558133333,40.1994675397873,58.5012555122375,771.829776763916,631.813559532166,眼跳,221.789096457161
364,331.9102248,40.9894973039627,60.0210875272751,786.998348236084,648.227745294571,眼跳,254.301556772385
365,331.911891466667,41.8176233768463,60.3099852800369,802.898368835449,651.347841024399,眼跳,291.228846657234
366,331.913558133333,42.6424160599709,60.738816857338,818.73438835144,655.97922205925,眼跳,311.56400457545
367,331.9152248,44.0579608082771,61.1431092023849,845.912847518921,660.345579385757,眼跳,342.794927433746
368,331.916891466667,45.1689198613167,61.3025516271591,867.24326133728,662.067557573318,眼跳,355.833238239663
369,331.918558133333,46.1645424365997,61.3625824451447,886.359214782715,662.715890407562,眼跳,370.892651099414
370,331.9202248,47.4358111619949,61.4585876464844,910.767574310303,663.752746582031,眼跳,374.481981143196
371,331.921891466667,48.7712696194649,62.3565435409546,936.408376693726,673.45067024231,眼跳,379.66262725162
372,331.923558133333,49.7718065977097,62.6212298870087,955.618686676025,676.309282779694,眼跳,395.434829488193
373,331.9252248,51.4104098081589,63.479608297348,987.07986831665,685.579769611359,眼跳,365.13382552452
374,331.926891466667,52.3971766233444,64.2415940761566,1006.02579116821,693.809216022491,眼跳,358.131362485222
375,331.928558133333,53.5553246736526,64.8027718067169,1028.26223373413,699.869935512543,眼跳,342.509261844742
376,331.9302248,54.6234667301178,65.4111295938492,1048.77056121826,706.440199613571,眼跳,325.036760750995
377,331.931891466667,55.6978940963745,65.4111295938492,1069.39956665039,706.440199613571,眼跳,293.168744490744
378,331.933558133333,57.1742922067642,65.5037522315979,1097.74641036987,707.440524101257,眼跳,267.692561864379
379,331.9352248,57.4997544288635,65.3783559799194,1103.99528503418,706.08624458313,眼跳,239.004611159338
380,331.936891466667,58.3426415920258,65.7063096761703,1120.17871856689,709.62814450264,眼跳,211.124779767942
381,331.938558133333,58.7587773799896,65.7138288021088,1128.1685256958,709.709351062775,眼跳,179.529124594859
382,331.9402248,59.3842178583145,65.7533556222916,1140.17698287964,710.136240720749,眼跳,147.156111609377
383,331.941891466667,59.5789104700089,66.0812020301819,1143.91508102417,713.676981925964,眼跳,121.54387032865
384,331.943558133333,59.5936059951782,66.5247946977615,1144.19723510742,718.467782735825,眼跳,81.7369697684749
385,331.9452248,60.1108431816101,67.6467180252075,1154.12818908691,730.584554672241,眼跳,69.2156174134969
386,331.946891466667,60.1108431816101,67.7917718887329,1154.12818908691,732.151136398315,眼跳,46.0653378007402
387,331.948558133333,60.1276487112045,67.7917718887329,1154.45085525513,732.151136398315,眼跳,33.9195972221876
388,331.9502248,58.1839291024799,66.8344387091881,1117.13143876761,721.811938059232,注视,21.2659827289425
389,331.951891466667,58.1839291024799,66.8344387091881,1117.13143876761,721.811938059232,注视,15.2478570940998
390,331.953558133333,58.1839291024799,66.8344387091881,1117.13143876761,721.811938059232,注视,11.3356539700013
391,331.9552248,58.1839291024799,66.8344387091881,1117.13143876761,721.811938059232,注视,25.6205716089106
392,331.956891466667,58.1839291024799,66.8344387091881,1117.13143876761,721.811938059232,注视,26.3215834455786
393,331.958558133333,58.1839291024799,66.8344387091881,1117.13143876761,721.811938059232,注视,26.7247658282422
394,331.9602248,58.1839291024799,66.8344387091881,1117.13143876761,721.811938059232,注视,23.5673097935826
395,331.961891466667,58.1839291024799,66.8344387091881,1117.13143876761,721.811938059232,注视,27.5387745666814
396,331.963558133333,58.1839291024799,66.8344387091881,1117.13143876761,721.811938059232,注视,26.2704991582921
397,331.9652248,58.1839291024799,66.8344387091881,1117.13143876761,721.811938059232,注视,26.265894496435
398,331.966891466667,58.1839291024799,66.8344387091881,1117.13143876761,721.811938059232,注视,24.1394519502568
399,331.968558133333,58.1839291024799,66.8344387091881,1117.13143876761,721.811938059232,注视,22.2070689143456
400,331.9702248,58.1839291024799,66.8344387091881,1117.13143876761,721.811938059232,注视,24.8513349387621
401,331.971891466667,58.1839291024799,66.8344387091881,1117.13143876761,721.811938059232,注视,18.2785759160268
402,331.973558133333,58.1839291024799,66.8344387091881,1117.13143876761,721.811938059232,注视,23.540840280968
403,331.9752248,58.1839291024799,66.8344387091881,1117.13143876761,721.811938059232,注视,21.531084755749
404,331.976891466667,58.1839291024799,66.8344387091881,1117.13143876761,721.811938059232,注视,18.3713757268973
405,331.978558133333,58.1839291024799,66.8344387091881,1117.13143876761,721.811938059232,注视,18.3710412699731
406,331.9802248,58.1839291024799,66.8344387091881,1117.13143876761,721.811938059232,注视,19.154118726933
407,331.981891466667,58.1839291024799,66.8344387091881,1117.13143876761,721.811938059232,注视,26.5113373861115
408,331.983558133333,58.1839291024799,66.8344387091881,1117.13143876761,721.811938059232,注视,24.7534697117421
409,331.9852248,58.1839291024799,66.8344387091881,1117.13143876761,721.811938059232,注视,16.8962931853888
410,331.986891466667,58.1839291024799,66.8344387091881,1117.13143876761,721.811938059232,注视,16.6510084689066
411,331.988558133333,58.1839291024799,66.8344387091881,1117.13143876761,721.811938059232,注视,15.6154847685039
412,331.9902248,58.1839291024799,66.8344387091881,1117.13143876761,721.811938059232,注视,12.8421510857009
413,331.991891466667,58.1839291024799,66.8344387091881,1117.13143876761,721.811938059232,注视,9.03797395277168
414,331.993558133333,58.1839291024799,66.8344387091881,1117.13143876761,721.811938059232,注视,4.78703489868522
415,331.9952248,58.1839291024799,66.8344387091881,1117.13143876761,721.811938059232,注视,3.19641304651578
416,331.996891466667,58.1839291024799,66.8344387091881,1117.13143876761,721.811938059232,注视,5.71474614726723
417,331.998558133333,58.1839291024799,66.8344387091881,1117.13143876761,721.811938059232,注视,8.82531137747468
418,332.0002248,58.1839291024799,66.8344387091881,1117.13143876761,721.811938059232,注视,7.8180503926404
419,332.001891466667,58.1839291024799,66.8344387091881,1117.13143876761,721.811938059232,注视,5.45202166855187
420,332.003558133333,58.1839291024799,66.8344387091881,1117.13143876761,721.811938059232,注视,4.46984709045905
421,332.0052248,58.1839291024799,66.8344387091881,1117.13143876761,721.811938059232,注视,3.15762164033194
422,332.006891466667,58.1839291024799,66.8344387091881,1117.13143876761,721.811938059232,注视,1.87426092173474
423,332.008558133333,58.1839291024799,66.8344387091881,1117.13143876761,721.811938059232,注视,2.65694060830938
424,332.0102248,58.1839291024799,66.8344387091881,1117.13143876761,721.811938059232,注视,5.57063944235715
425,332.011891466667,58.1839291024799,66.8344387091881,1117.13143876761,721.811938059232,注视,11.2570028397094
426,332.013558133333,58.1839291024799,66.8344387091881,1117.13143876761,721.811938059232,注视,8.29703782062033
427,332.0152248,58.1839291024799,66.8344387091881,1117.13143876761,721.811938059232,注视,9.9709924057268
428,332.016891466667,58.1839291024799,66.8344387091881,1117.13143876761,721.811938059232,注视,9.87623041952767
429,332.018558133333,58.1839291024799,66.8344387091881,1117.13143876761,721.811938059232,注视,11.1629775708415
430,332.0202248,58.1839291024799,66.8344387091881,1117.13143876761,721.811938059232,注视,7.18348978604867
431,332.021891466667,58.1839291024799,66.8344387091881,1117.13143876761,721.811938059232,注视,7.55390996228275
432,332.023558133333,58.1839291024799,66.8344387091881,1117.13143876761,721.811938059232,注视,3.23171508924471
433,332.0252248,58.1839291024799,66.8344387091881,1117.13143876761,721.811938059232,注视,9.12760771841479
434,332.026891466667,58.1839291024799,66.8344387091881,1117.13143876761,721.811938059232,注视,8.70863956218765
435,332.028558133333,58.1839291024799,66.8344387091881,1117.13143876761,721.811938059232,注视,8.83120719423312
436,332.0302248,58.1839291024799,66.8344387091881,1117.13143876761,721.811938059232,注视,3.63968583547111
437,332.031891466667,58.1839291024799,66.8344387091881,1117.13143876761,721.811938059232,注视,3.65989151588826
438,332.033558133333,58.1839291024799,66.8344387091881,1117.13143876761,721.811938059232,注视,0.403943666827246
439,332.0352248,58.1839291024799,66.8344387091881,1117.13143876761,721.811938059232,注视,6.7261756864686
440,332.036891466667,58.1839291024799,66.8344387091881,1117.13143876761,721.811938059232,注视,8.73815227542738
441,332.038558133333,58.1839291024799,66.8344387091881,1117.13143876761,721.811938059232,注视,4.4577929021378
442,332.0402248,58.1839291024799,66.8344387091881,1117.13143876761,721.811938059232,注视,4.78558606816135
443,332.041891466667,58.1839291024799,66.8344387091881,1117.13143876761,721.811938059232,注视,4.78570408020524
444,332.043558133333,58.1839291024799,66.8344387091881,1117.13143876761,721.811938059232,注视,5.20124533288697
445,332.0452248,58.1839291024799,66.8344387091881,1117.13143876761,721.811938059232,注视,5.17134498623015
446,332.046891466667,58.1839291024799,66.8344387091881,1117.13143876761,721.811938059232,注视,7.22956292679133
447,332.048558133333,58.1839291024799,66.8344387091881,1117.13143876761,721.811938059232,注视,6.10032470723706
448,332.0502248,58.1839291024799,66.8344387091881,1117.13143876761,721.811938059232,注视,4.83874737380764
449,332.051891466667,58.1839291024799,66.8344387091881,1117.13143876761,721.811938059232,注视,6.72305701509189
450,332.053558133333,58.1839291024799,66.8344387091881,1117.13143876761,721.811938059232,注视,7.10273263424202
451,332.0552248,58.1839291024799,66.8344387091881,1117.13143876761,721.811938059232,注视,4.391794886105
452,332.056891466667,58.1839291024799,66.8344387091881,1117.13143876761,721.811938059232,注视,3.9200752963341
453,332.058558133333,58.1839291024799,66.8344387091881,1117.13143876761,721.811938059232,注视,2.39785992557438
454,332.0602248,58.1839291024799,66.8344387091881,1117.13143876761,721.811938059232,注视,6.70291732576024
455,332.061891466667,58.1839291024799,66.8344387091881,1117.13143876761,721.811938059232,注视,6.70318127583537
456,332.063558133333,58.1839291024799,66.8344387091881,1117.13143876761,721.811938059232,注视,12.6768006041596
457,332.0652248,58.1839291024799,66.8344387091881,1117.13143876761,721.811938059232,注视,4.75657699673606
458,332.066891466667,58.1839291024799,66.8344387091881,1117.13143876761,721.811938059232,注视,8.08653646334
459,332.068558133333,58.1839291024799,66.8344387091881,1117.13143876761,721.811938059232,注视,5.04213157078516
460,332.0702248,58.1839291024799,66.8344387091881,1117.13143876761,721.811938059232,注视,9.81088253036158
461,332.071891466667,58.1839291024799,66.8344387091881,1117.13143876761,721.811938059232,注视,4.23554004866217
462,332.073558133333,58.1839291024799,66.8344387091881,1117.13143876761,721.811938059232,注视,5.4246776105561
463,332.0752248,58.1839291024799,66.8344387091881,1117.13143876761,721.811938059232,注视,7.56570888809293
464,332.076891466667,58.1839291024799,66.8344387091881,1117.13143876761,721.811938059232,注视,6.22760511314857
465,332.078558133333,58.1839291024799,66.8344387091881,1117.13143876761,721.811938059232,注视,2.91645909366989
466,332.0802248,58.1839291024799,66.8344387091881,1117.13143876761,721.811938059232,注视,3.90528972303947
467,332.081891466667,58.1839291024799,66.8344387091881,1117.13143876761,721.811938059232,注视,2.52071074744778
468,332.083558133333,58.1839291024799,66.8344387091881,1117.13143876761,721.811938059232,注视,8.66185759396834
469,332.0852248,58.1839291024799,66.8344387091881,1117.13143876761,721.811938059232,注视,1.48534336483644
470,332.086891466667,58.1839291024799,66.8344387091881,1117.13143876761,721.811938059232,注视,2.95076064129681
471,332.088558133333,58.1839291024799,66.8344387091881,1117.13143876761,721.811938059232,注视,1.21535367405809
472,332.0902248,58.1839291024799,66.8344387091881,1117.13143876761,721.811938059232,注视,9.45540451854407
473,332.091891466667,58.1839291024799,66.8344387091881,1117.13143876761,721.811938059232,注视,5.28190165323143
474,332.093558133333,58.1839291024799,66.8344387091881,1117.13143876761,721.811938059232,注视,1.70616852188635
475,332.0952248,58.1839291024799,66.8344387091881,1117.13143876761,721.811938059232,注视,9.84370668921413
476,332.096891466667,58.1839291024799,66.8344387091881,1117.13143876761,721.811938059232,注视,10.2852150966607
477,332.098558133333,58.1839291024799,66.8344387091881,1117.13143876761,721.811938059232,注视,16.0658723063229
478,332.1002248,58.1839291024799,66.8344387091881,1117.13143876761,721.811938059232,注视,13.3646955482085
479,332.101891466667,58.1839291024799,66.8344387091881,1117.13143876761,721.811938059232,注视,8.33160056570296
480,332.103558133333,58.1839291024799,66.8344387091881,1117.13143876761,721.811938059232,注视,6.89769522378868
481,332.1052248,58.1839291024799,66.8344387091881,1117.13143876761,721.811938059232,注视,5.47727966106954
482,332.106891466667,58.1839291024799,66.8344387091881,1117.13143876761,721.811938059232,注视,5.85990622481186
483,332.108558133333,58.1839291024799,66.8344387091881,1117.13143876761,721.811938059232,注视,5.87967331693871
484,332.1102248,58.1839291024799,66.8344387091881,1117.13143876761,721.811938059232,注视,10.6469954374371
485,332.111891466667,58.1839291024799,66.8344387091881,1117.13143876761,721.811938059232,注视,11.5121482130163
486,332.113558133333,58.1839291024799,66.8344387091881,1117.13143876761,721.811938059232,注视,2.58744916673366
487,332.1152248,58.1839291024799,66.8344387091881,1117.13143876761,721.811938059232,注视,4.42040589500839
488,332.116891466667,58.1839291024799,66.8344387091881,1117.13143876761,721.811938059232,注视,4.58349235122075
489,332.118558133333,58.1839291024799,66.8344387091881,1117.13143876761,721.811938059232,注视,9.51842742213067
490,332.1202248,58.1839291024799,66.8344387091881,1117.13143876761,721.811938059232,注视,13.0898463383174
491,332.121891466667,58.1839291024799,66.8344387091881,1117.13143876761,721.811938059232,注视,9.11345228403354
492,332.123558133333,58.1839291024799,66.8344387091881,1117.13143876761,721.811938059232,注视,14.900020480964
493,332.1252248,58.1839291024799,66.8344387091881,1117.13143876761,721.811938059232,注视,5.90139003404538
494,332.126891466667,58.1839291024799,66.8344387091881,1117.13143876761,721.811938059232,注视,9.53026157460421
495,332.128558133333,58.1839291024799,66.8344387091881,1117.13143876761,721.811938059232,注视,8.79453437486766
496,332.1302248,58.1839291024799,66.8344387091881,1117.13143876761,721.811938059232,注视,7.81916953727601
497,332.131891466667,58.1839291024799,66.8344387091881,1117.13143876761,721.811938059232,注视,2.08691822919102
498,332.133558133333,58.1839291024799,66.8344387091881,1117.13143876761,721.811938059232,注视,2.30070560497743
499,332.1352248,58.1839291024799,66.8344387091881,1117.13143876761,721.811938059232,注视,4.68629193060745
500,332.136891466667,58.1839291024799,66.8344387091881,1117.13143876761,721.811938059232,注视,6.19915520100651
501,332.138558133333,58.1839291024799,66.8344387091881,1117.13143876761,721.811938059232,注视,6.21565817834683
502,332.1402248,58.1839291024799,66.8344387091881,1117.13143876761,721.811938059232,注视,8.98865082109204
503,332.141891466667,58.1839291024799,66.8344387091881,1117.13143876761,721.811938059232,注视,8.9358932995994
504,332.143558133333,58.1839291024799,66.8344387091881,1117.13143876761,721.811938059232,注视,7.80107041763416
505,332.1452248,58.1839291024799,66.8344387091881,1117.13143876761,721.811938059232,注视,8.73156459576436
506,332.146891466667,58.1839291024799,66.8344387091881,1117.13143876761,721.811938059232,注视,8.86236246467631
507,332.148558133333,58.1839291024799,66.8344387091881,1117.13143876761,721.811938059232,注视,11.5015869413284
508,332.1502248,58.1839291024799,66.8344387091881,1117.13143876761,721.811938059232,注视,17.4502127305036
509,332.151891466667,57.8032523393631,67.4253523349762,1109.82244491577,728.193805217743,眼跳,42.7369699810222
510,332.153558133333,57.7626943588257,67.4253523349762,1109.04373168945,728.193805217743,眼跳,68.2243880796817
511,332.1552248,57.5534641742706,67.4253523349762,1105.026512146,728.193805217743,眼跳,88.9733655869747
512,332.156891466667,57.5534641742706,67.3866093158722,1105.026512146,727.77538061142,眼跳,106.06000799196
513,332.158558133333,57.6843947172165,66.272646188736,1107.54037857056,715.744578838348,眼跳,108.007258590668
514,332.1602248,57.6843947172165,65.8431351184845,1107.54037857056,711.105859279633,眼跳,132.214998631763
515,332.161891466667,57.6767951250076,64.1295939683914,1107.39446640015,692.599614858627,眼跳,144.229720769056
516,332.163558133333,57.3367774486542,62.6828014850616,1100.86612701416,676.974256038666,眼跳,149.52930911518
517,332.1652248,57.1954727172852,61.3197237253189,1098.15307617188,662.253016233444,眼跳,159.147796352809
518,332.166891466667,57.1264564990997,60.1846903562546,1096.82796478271,649.994655847549,眼跳,178.586497922602
519,332.168558133333,56.9423079490662,60.1215094327927,1093.29231262207,649.312301874161,眼跳,172.10572855825
520,332.1702248,56.9423079490662,58.954256772995,1093.29231262207,636.705973148346,眼跳,179.089545101123
521,332.171891466667,56.5105497837067,58.0519914627075,1085.00255584717,626.961507797241,眼跳,158.534344089416
522,332.173558133333,56.5105497837067,57.6723337173462,1085.00255584717,622.861204147339,眼跳,148.838097676315
523,332.1752248,56.6186785697937,56.9192975759506,1087.07862854004,614.728413820267,眼跳,136.754336214062
524,332.176891466667,56.6191613674164,55.5757164955139,1087.08789825439,600.21773815155,眼跳,124.786412288112
525,332.178558133333,56.6949129104614,54.9211591482162,1088.54232788086,593.148518800735,眼跳,126.255358364052
526,332.1802248,56.7460685968399,54.0145874023438,1089.52451705933,583.357543945313,眼跳,112.401787756188
527,332.181891466667,56.8997949361801,53.6546617746353,1092.47606277466,579.470347166061,眼跳,105.613342975684
528,332.183558133333,56.8997949361801,52.8078258037567,1092.47606277466,570.324518680573,眼跳,102.172314268272
529,332.1852248,56.8517863750458,52.2462457418442,1091.55429840088,564.259454011917,眼跳,92.4671538883919
530,332.186891466667,56.6386610269547,51.9350647926331,1087.46229171753,560.898699760437,眼跳,72.3517437194419
531,332.188558133333,56.6386610269547,51.7495691776276,1087.46229171753,558.895347118378,眼跳,62.5464267131676
532,332.1902248,56.6659301519394,51.5041768550873,1087.98585891724,556.245110034943,眼跳,49.6318885076498
533,332.191891466667,56.6659301519394,51.0496497154236,1087.98585891724,551.336216926575,眼跳,46.2628751385771
534,332.193558133333,56.6505163908005,50.8980274200439,1087.68991470337,549.698696136475,眼跳,32.1168556979556
535,332.1952248,56.778503288614,52.0743954688945,1090.14726314139,562.40347106406,注视,25.1848564668217
536,332.196891466667,56.778503288614,52.0743954688945,1090.14726314139,562.40347106406,注视,20.2844757397719
537,332.198558133333,56.778503288614,52.0743954688945,1090.14726314139,562.40347106406,注视,17.2858041135008
538,332.2002248,56.778503288614,52.0743954688945,1090.14726314139,562.40347106406,注视,6.25718873470234
539,332.201891466667,56.778503288614,52.0743954688945,1090.14726314139,562.40347106406,注视,1.00756756109191
540,332.203558133333,56.778503288614,52.0743954688945,1090.14726314139,562.40347106406,注视,8.53584471663778
541,332.2052248,56.778503288614,52.0743954688945,1090.14726314139,562.40347106406,注视,12.2127639438294
542,332.206891466667,56.778503288614,52.0743954688945,1090.14726314139,562.40347106406,注视,11.1402799431388
543,332.208558133333,56.778503288614,52.0743954688945,1090.14726314139,562.40347106406,注视,13.5156707782163
544,332.2102248,56.778503288614,52.0743954688945,1090.14726314139,562.40347106406,注视,14.2443674244103
545,332.211891466667,56.778503288614,52.0743954688945,1090.14726314139,562.40347106406,注视,17.9680925217087
546,332.213558133333,56.778503288614,52.0743954688945,1090.14726314139,562.40347106406,注视,18.307409135862
547,332.2152248,56.778503288614,52.0743954688945,1090.14726314139,562.40347106406,注视,21.4557581916679
548,332.216891466667,56.778503288614,52.0743954688945,1090.14726314139,562.40347106406,注视,21.4453426903872
549,332.218558133333,56.778503288614,52.0743954688945,1090.14726314139,562.40347106406,注视,21.9668075249465
550,332.2202248,56.778503288614,52.0743954688945,1090.14726314139,562.40347106406,注视,15.0797157654092
551,332.221891466667,56.778503288614,52.0743954688945,1090.14726314139,562.40347106406,注视,17.2467596771476
552,332.223558133333,56.778503288614,52.0743954688945,1090.14726314139,562.40347106406,注视,12.0396799030108
553,332.2252248,56.778503288614,52.0743954688945,1090.14726314139,562.40347106406,注视,12.6542121263252
554,332.226891466667,56.778503288614,52.0743954688945,1090.14726314139,562.40347106406,注视,17.3719735470846
555,332.228558133333,56.778503288614,52.0743954688945,1090.14726314139,562.40347106406,注视,15.6893826731576
556,332.2302248,56.778503288614,52.0743954688945,1090.14726314139,562.40347106406,注视,14.2401507368968
557,332.231891466667,56.778503288614,52.0743954688945,1090.14726314139,562.40347106406,注视,12.5313171374231
558,332.233558133333,56.778503288614,52.0743954688945,1090.14726314139,562.40347106406,注视,10.2141461302014
559,332.2352248,56.778503288614,52.0743954688945,1090.14726314139,562.40347106406,注视,11.6417020426039
560,332.236891466667,56.778503288614,52.0743954688945,1090.14726314139,562.40347106406,注视,15.394430566977
561,332.238558133333,56.778503288614,52.0743954688945,1090.14726314139,562.40347106406,注视,16.3065851865543
562,332.2402248,56.778503288614,52.0743954688945,1090.14726314139,562.40347106406,注视,9.5438788135671
563,332.241891466667,56.778503288614,52.0743954688945,1090.14726314139,562.40347106406,注视,7.87127557904843
564,332.243558133333,56.778503288614,52.0743954688945,1090.14726314139,562.40347106406,注视,11.1883911820885
565,332.2452248,56.778503288614,52.0743954688945,1090.14726314139,562.40347106406,注视,12.762401540321
566,332.246891466667,56.778503288614,52.0743954688945,1090.14726314139,562.40347106406,注视,8.83979806435439
567,332.248558133333,56.778503288614,52.0743954688945,1090.14726314139,562.40347106406,注视,6.84647720826542
568,332.2502248,56.778503288614,52.0743954688945,1090.14726314139,562.40347106406,注视,6.75960575705518
569,332.251891466667,56.778503288614,52.0743954688945,1090.14726314139,562.40347106406,注视,8.42044582489462
570,332.253558133333,56.778503288614,52.0743954688945,1090.14726314139,562.40347106406,注视,6.94740839824441
571,332.2552248,56.778503288614,52.0743954688945,1090.14726314139,562.40347106406,注视,3.97603667818574
572,332.256891466667,56.778503288614,52.0743954688945,1090.14726314139,562.40347106406,注视,5.00706927209855
573,332.258558133333,56.778503288614,52.0743954688945,1090.14726314139,562.40347106406,注视,7.13355385026202
574,332.2602248,56.778503288614,52.0743954688945,1090.14726314139,562.40347106406,注视,7.08458859634899
575,332.261891466667,56.778503288614,52.0743954688945,1090.14726314139,562.40347106406,注视,8.63109298456265
576,332.263558133333,56.778503288614,52.0743954688945,1090.14726314139,562.40347106406,注视,8.09515140885379
577,332.2652248,56.778503288614,52.0743954688945,1090.14726314139,562.40347106406,注视,9.47964537921826
578,332.266891466667,56.778503288614,52.0743954688945,1090.14726314139,562.40347106406,注视,11.1939298702445
579,332.268558133333,56.778503288614,52.0743954688945,1090.14726314139,562.40347106406,注视,12.3456021467749
580,332.2702248,56.778503288614,52.0743954688945,1090.14726314139,562.40347106406,注视,10.1914845744009
581,332.271891466667,56.778503288614,52.0743954688945,1090.14726314139,562.40347106406,注视,17.6377163360184
582,332.273558133333,57.093471288681,53.2112061977386,1096.19464874268,574.681026935577,眼跳,32.0538847499527
583,332.2752248,57.1512132883072,53.5104066133499,1097.3032951355,577.912391424179,眼跳,53.068210008937
584,332.276891466667,57.2650134563446,53.5104066133499,1099.48825836182,577.912391424179,眼跳,82.6637587717648
585,332.278558133333,57.2650134563446,53.5448610782623,1099.48825836182,578.284499645233,眼跳,101.519085816425
586,332.2802248,56.6060662269592,53.7047207355499,1086.83647155762,580.010983943939,眼跳,136.439610188016
587,332.281891466667,56.1443269252777,53.7047207355499,1077.97107696533,580.010983943939,眼跳,166.125824790432
588,332.283558133333,55.7595670223236,53.7047207355499,1070.58368682861,580.010983943939,眼跳,188.886825112932
589,332.2852248,54.9435615539551,53.6571443080902,1054.91638183594,579.497158527374,眼跳,216.936985988061
590,332.286891466667,53.8427650928497,53.6465167999268,1033.78108978271,579.382381439209,眼跳,260.641996455264
591,332.288558133333,53.1281441450119,53.4986913204193,1020.06036758423,577.785866260529,眼跳,317.394360088719
592,332.2902248,51.8326997756958,52.3774683475494,995.187835693359,565.676658153534,眼跳,324.990481043654
593,332.291891466667,50.7435321807861,52.2396624088287,974.275817871094,564.18835401535,眼跳,341.852024557158
594,332.293558133333,50.0994563102722,51.7169088125229,961.909561157227,558.542615175247,眼跳,372.66767409771
595,332.2952248,49.1483390331268,51.4367580413818,943.648109436035,555.516986846924,眼跳,389.752614129679
596,332.296891466667,47.6650699973106,50.9140759706497,915.169343948364,549.872020483017,眼跳,419.36038695914
597,332.298558133333,45.6169188022614,50.0280618667603,875.844841003418,540.303068161011,眼跳,439.008202419332
598,332.3002248,44.7777450084686,49.2579951882362,859.732704162598,531.986348032951,眼跳,442.531896392577
599,332.301891466667,43.8162907958031,48.1851190328598,841.272783279419,520.399285554886,眼跳,489.490585159863
600,332.303558133333,42.3607125878334,47.444249689579,813.325681686401,512.397896647453,眼跳,507.469680839283
601,332.3052248,40.9601122140884,46.9241783022881,786.434154510498,506.781125664711,眼跳,520.299456990674
602,332.306891466667,38.9035373926163,45.7550525665283,746.947917938232,494.154567718506,眼跳,515.003879262024
603,332.308558133333,37.5543475151062,44.8354631662369,721.043472290039,484.223002195358,眼跳,486.719694384254
604,332.3102248,36.0053330659866,44.3830981850624,691.302394866943,479.337460398674,眼跳,481.672951060975
605,332.311891466667,33.0725014209747,44.3118095397949,634.992027282715,478.567543029785,眼跳,469.856893833044
606,332.313558133333,31.8756639957428,42.7635341882706,612.012748718262,461.846169233322,眼跳,434.671025153015
607,332.3152248,30.3612187504768,42.7635341882706,582.935400009155,461.846169233322,眼跳,411.154879122496
608,332.316891466667,28.9855241775513,42.6497474312782,556.522064208984,460.617272257805,眼跳,360.238316029952
609,332.318558133333,27.8814822435379,42.5017058849335,535.324459075928,459.018423557281,眼跳,323.096063930244
610,332.3202248,27.1127879619598,42.5017058849335,520.565528869629,459.018423557281,眼跳,282.255725260144
611,332.321891466667,26.3915494084358,43.2174474000931,506.717748641968,466.748431921005,眼跳,204.084605153704
612,332.323558133333,26.1878862977028,43.2174474000931,502.807416915894,466.748431921005,眼跳,173.302991287195
613,332.3252248,25.5799889564514,43.606473505497,491.135787963867,470.949913859367,眼跳,130.673870131027
614,332.326891466667,25.3540202975273,43.606473505497,486.797189712524,470.949913859367,眼跳,93.3743555948662
615,332.328558133333,25.3540202975273,43.6428889632225,486.797189712524,471.343200802803,眼跳,63.4449834467852
616,332.3302248,25.3111772239208,44.351552426815,485.97460269928,478.996766209602,眼跳,35.9266476410313
617,332.331891466667,25.3111772239208,44.351552426815,485.97460269928,478.996766209602,Gap,11.1770900071112
618,332.333558133333,25.3111772239208,43.9739093184471,485.97460269928,474.918220639229,Gap,6.55195856201742
619,332.3352248,25.4224956035614,43.9739093184471,488.111915588379,474.918220639229,Gap,26.5042875068258
620,332.336891466667,25.5967557430267,44.6082219481468,491.457710266113,481.768797039986,眼跳,41.9069887725724
621,332.338558133333,25.7735535502434,44.6082219481468,494.852228164673,481.768797039986,眼跳,44.2528291244335
622,332.3402248,25.9748533368111,43.8532784581184,498.717184066772,473.615407347679,眼跳,49.8419687743026
623,332.341891466667,26.1652998626232,43.8532784581184,502.373757362366,473.615407347679,眼跳,49.0496382889363
624,332.343558133333,26.3698518276215,43.5212150216103,506.301155090332,470.029122233391,眼跳,47.3855737358049
625,332.3452248,26.5947043895721,43.477238714695,510.618324279785,469.554178118706,眼跳,42.694280671819
626,332.346891466667,26.9503071904182,43.2674765586853,517.44589805603,467.288746833801,眼跳,44.0074382731829
627,332.348558133333,27.0381540060043,43.2674765586853,519.132556915283,467.288746833801,眼跳,44.6482199800518
628,332.3502248,27.1192982792854,43.2674765586853,520.69052696228,467.288746833801,眼跳,38.6512931520606
629,332.351891466667,27.1192982792854,43.4430256485939,520.69052696228,469.184677004814,眼跳,33.8021686472956
630,332.353558133333,28.6322873791838,44.3970076788485,549.739917680329,479.487682931563,注视,27.9864527444601
631,332.3552248,28.6322873791838,44.3970076788485,549.739917680329,479.487682931563,注视,22.4931974201312
632,332.356891466667,28.6322873791838,44.3970076788485,549.739917680329,479.487682931563,注视,22.0191547179058
633,332.358558133333,28.6322873791838,44.3970076788485,549.739917680329,479.487682931563,注视,21.8694722766203
634,332.3602248,28.6322873791838,44.3970076788485,549.739917680329,479.487682931563,注视,22.087741400309
635,332.361891466667,28.6322873791838,44.3970076788485,549.739917680329,479.487682931563,注视,22.0526844336555
636,332.363558133333,28.6322873791838,44.3970076788485,549.739917680329,479.487682931563,注视,27.6236635965493
637,332.3652248,28.6322873791838,44.3970076788485,549.739917680329,479.487682931563,注视,29.7468800957441
638,332.366891466667,28.6322873791838,44.3970076788485,549.739917680329,479.487682931563,注视,27.6247550569159
639,332.368558133333,28.6322873791838,44.3970076788485,549.739917680329,479.487682931563,注视,11.1782702656124
640,332.3702248,28.6322873791838,44.3970076788485,549.739917680329,479.487682931563,注视,15.7853888168385
641,332.371891466667,28.6322873791838,44.3970076788485,549.739917680329,479.487682931563,注视,15.8275415037792
642,332.373558133333,28.6322873791838,44.3970076788485,549.739917680329,479.487682931563,注视,19.1385482041501
643,332.3752248,28.6322873791838,44.3970076788485,549.739917680329,479.487682931563,注视,18.8363276420261
644,332.376891466667,28.6322873791838,44.3970076788485,549.739917680329,479.487682931563,注视,13.3206877181731
645,332.378558133333,28.6322873791838,44.3970076788485,549.739917680329,479.487682931563,注视,12.7557900622459
646,332.3802248,28.6322873791838,44.3970076788485,549.739917680329,479.487682931563,注视,11.9663461858823
647,332.381891466667,28.6322873791838,44.3970076788485,549.739917680329,479.487682931563,注视,11.9655261877495
648,332.383558133333,28.6322873791838,44.3970076788485,549.739917680329,479.487682931563,注视,8.55924375768835
649,332.3852248,28.6322873791838,44.3970076788485,549.739917680329,479.487682931563,注视,9.54204618526126
650,332.386891466667,28.6322873791838,44.3970076788485,549.739917680329,479.487682931563,注视,10.0421203427164
651,332.388558133333,28.6322873791838,44.3970076788485,549.739917680329,479.487682931563,注视,19.2704655009258
652,332.3902248,28.6322873791838,44.3970076788485,549.739917680329,479.487682931563,注视,15.9024958681616
653,332.391891466667,28.6322873791838,44.3970076788485,549.739917680329,479.487682931563,注视,15.0800948745309
654,332.393558133333,28.6322873791838,44.3970076788485,549.739917680329,479.487682931563,注视,10.9539585587293
655,332.3952248,28.6322873791838,44.3970076788485,549.739917680329,479.487682931563,注视,13.6088468176927
656,332.396891466667,28.6322873791838,44.3970076788485,549.739917680329,479.487682931563,注视,12.6510431630727
657,332.398558133333,28.6322873791838,44.3970076788485,549.739917680329,479.487682931563,注视,12.9401212753182
658,332.4002248,28.6322873791838,44.3970076788485,549.739917680329,479.487682931563,注视,4.44637211715613
659,332.401891466667,28.6322873791838,44.3970076788485,549.739917680329,479.487682931563,注视,6.69087271095476
660,332.403558133333,28.6322873791838,44.3970076788485,549.739917680329,479.487682931563,注视,6.14874225096132
661,332.4052248,28.6322873791838,44.3970076788485,549.739917680329,479.487682931563,注视,9.06702572741895
662,332.406891466667,28.6322873791838,44.3970076788485,549.739917680329,479.487682931563,注视,10.6016350468422
663,332.408558133333,28.6322873791838,44.3970076788485,549.739917680329,479.487682931563,注视,7.9627803490597
664,332.4102248,28.6322873791838,44.3970076788485,549.739917680329,479.487682931563,注视,7.14729804871342
665,332.411891466667,28.6322873791838,44.3970076788485,549.739917680329,479.487682931563,注视,5.78679428580314
666,332.413558133333,28.6322873791838,44.3970076788485,549.739917680329,479.487682931563,注视,7.81949934278907
667,332.4152248,28.6322873791838,44.3970076788485,549.739917680329,479.487682931563,注视,8.75516152844958
668,332.416891466667,28.6322873791838,44.3970076788485,549.739917680329,479.487682931563,注视,6.28023023434146
669,332.418558133333,28.6322873791838,44.3970076788485,549.739917680329,479.487682931563,注视,7.26042177968571
670,332.4202248,28.6322873791838,44.3970076788485,549.739917680329,479.487682931563,注视,8.73118240372524
671,332.421891466667,28.6322873791838,44.3970076788485,549.739917680329,479.487682931563,注视,9.5196740340224
672,332.423558133333,28.6322873791838,44.3970076788485,549.739917680329,479.487682931563,注视,11.2552745712647
673,332.4252248,28.6322873791838,44.3970076788485,549.739917680329,479.487682931563,注视,8.27099587429129
674,332.426891466667,28.6322873791838,44.3970076788485,549.739917680329,479.487682931563,注视,5.01808085092352
675,332.428558133333,28.6322873791838,44.3970076788485,549.739917680329,479.487682931563,注视,6.25513527340296
676,332.4302248,28.6322873791838,44.3970076788485,549.739917680329,479.487682931563,注视,4.12974751243419
677,332.431891466667,28.6322873791838,44.3970076788485,549.739917680329,479.487682931563,注视,9.9374882068885
678,332.433558133333,28.6322873791838,44.3970076788485,549.739917680329,479.487682931563,注视,7.91561499393984
679,332.4352248,28.6322873791838,44.3970076788485,549.739917680329,479.487682931563,注视,3.10959226735054
680,332.436891466667,28.6322873791838,44.3970076788485,549.739917680329,479.487682931563,注视,3.59362663825526
681,332.438558133333,28.6322873791838,44.3970076788485,549.739917680329,479.487682931563,注视,4.52698120692562
682,332.4402248,28.6322873791838,44.3970076788485,549.739917680329,479.487682931563,注视,1.58293835870084
683,332.441891466667,28.6322873791838,44.3970076788485,549.739917680329,479.487682931563,注视,1.85444082328869
684,332.443558133333,28.6322873791838,44.3970076788485,549.739917680329,479.487682931563,注视,7.97158349337711
685,332.4452248,28.6322873791838,44.3970076788485,549.739917680329,479.487682931563,注视,2.37910301866417
686,332.446891466667,28.6322873791838,44.3970076788485,549.739917680329,479.487682931563,注视,3.97660520655965
687,332.448558133333,28.6322873791838,44.3970076788485,549.739917680329,479.487682931563,注视,8.89951624246514
688,332.4502248,28.6322873791838,44.3970076788485,549.739917680329,479.487682931563,注视,2.53597809223911
689,332.451891466667,28.6322873791838,44.3970076788485,549.739917680329,479.487682931563,注视,11.4465046985176
690,332.453558133333,28.6322873791838,44.3970076788485,549.739917680329,479.487682931563,注视,9.82154655709915
691,332.4552248,28.6322873791838,44.3970076788485,549.739917680329,479.487682931563,注视,9.81074272684115
692,332.456891466667,28.6322873791838,44.3970076788485,549.739917680329,479.487682931563,注视,5.75594227596553
693,332.458558133333,28.6322873791838,44.3970076788485,549.739917680329,479.487682931563,注视,3.23892815271242
694,332.4602248,28.6322873791838,44.3970076788485,549.739917680329,479.487682931563,注视,2.05437850605668
695,332.461891466667,28.6322873791838,44.3970076788485,549.739917680329,479.487682931563,注视,0.484817290890745
696,332.463558133333,28.6322873791838,44.3970076788485,549.739917680329,479.487682931563,注视,9.62308323614749
697,332.4652248,28.6322873791838,44.3970076788485,549.739917680329,479.487682931563,注视,6.07085217028897
698,332.466891466667,28.6322873791838,44.3970076788485,549.739917680329,479.487682931563,注视,8.23053292096415
699,332.468558133333,28.6322873791838,44.3970076788485,549.739917680329,479.487682931563,注视,2.80661628406149
700,332.4702248,28.6322873791838,44.3970076788485,549.739917680329,479.487682931563,注视,7.57213257666808
701,332.471891466667,28.6322873791838,44.3970076788485,549.739917680329,479.487682931563,注视,7.91855328114811
702,332.473558133333,28.6322873791838,44.3970076788485,549.739917680329,479.487682931563,注视,5.72860363723516
703,332.4752248,28.6322873791838,44.3970076788485,549.739917680329,479.487682931563,注视,5.20385414749028
704,332.476891466667,28.6322873791838,44.3970076788485,549.739917680329,479.487682931563,注视,5.09988402566875
705,332.478558133333,28.6322873791838,44.3970076788485,549.739917680329,479.487682931563,注视,3.68261219029912
706,332.4802248,28.6322873791838,44.3970076788485,549.739917680329,479.487682931563,注视,8.23573926580888
707,332.481891466667,28.6322873791838,44.3970076788485,549.739917680329,479.487682931563,注视,4.49134072667092
708,332.483558133333,28.6322873791838,44.3970076788485,549.739917680329,479.487682931563,注视,4.56442451319497
709,332.4852248,28.6322873791838,44.3970076788485,549.739917680329,479.487682931563,注视,2.69291042330575
710,332.486891466667,28.6322873791838,44.3970076788485,549.739917680329,479.487682931563,注视,2.16631286053481
711,332.488558133333,28.6322873791838,44.3970076788485,549.739917680329,479.487682931563,注视,2.18897589100863
712,332.4902248,28.6322873791838,44.3970076788485,549.739917680329,479.487682931563,注视,2.79648325794408
713,332.491891466667,28.6322873791838,44.3970076788485,549.739917680329,479.487682931563,注视,6.0929540220964
714,332.493558133333,28.6322873791838,44.3970076788485,549.739917680329,479.487682931563,注视,1.86750739599414
715,332.4952248,28.6322873791838,44.3970076788485,549.739917680329,479.487682931563,注视,0.186538362353878
716,332.496891466667,28.6322873791838,44.3970076788485,549.739917680329,479.487682931563,注视,2.88452471053523
717,332.498558133333,28.6322873791838,44.3970076788485,549.739917680329,479.487682931563,注视,7.45152353822101
718,332.5002248,28.6322873791838,44.3970076788485,549.739917680329,479.487682931563,注视,7.05041415251763
719,332.501891466667,28.6322873791838,44.3970076788485,549.739917680329,479.487682931563,注视,6.4072173929115
720,332.503558133333,28.6322873791838,44.3970076788485,549.739917680329,479.487682931563,注视,4.75500771476987
721,332.5052248,28.6322873791838,44.3970076788485,549.739917680329,479.487682931563,注视,3.099694119991
722,332.506891466667,28.6322873791838,44.3970076788485,549.739917680329,479.487682931563,注视,2.85837415135136
723,332.508558133333,28.6322873791838,44.3970076788485,549.739917680329,479.487682931563,注视,8.32023028357524
724,332.5102248,28.6322873791838,44.3970076788485,549.739917680329,479.487682931563,注视,5.62382050633903
725,332.511891466667,28.6322873791838,44.3970076788485,549.739917680329,479.487682931563,注视,3.67356563508103
726,332.513558133333,28.6322873791838,44.3970076788485,549.739917680329,479.487682931563,注视,2.46398179480995
727,332.5152248,28.6322873791838,44.3970076788485,549.739917680329,479.487682931563,注视,2.37537846830668
728,332.516891466667,28.6322873791838,44.3970076788485,549.739917680329,479.487682931563,注视,2.80096364898101
729,332.518558133333,28.6322873791838,44.3970076788485,549.739917680329,479.487682931563,注视,6.58642701588315
730,332.5202248,28.6322873791838,44.3970076788485,549.739917680329,479.487682931563,注视,9.87988207587135
731,332.521891466667,28.6322873791838,44.3970076788485,549.739917680329,479.487682931563,注视,9.53293407675491
732,332.523558133333,28.6322873791838,44.3970076788485,549.739917680329,479.487682931563,注视,7.36969396299096
733,332.5252248,28.6322873791838,44.3970076788485,549.739917680329,479.487682931563,注视,6.54638323145075
734,332.526891466667,28.6322873791838,44.3970076788485,549.739917680329,479.487682931563,注视,5.58937847877108
735,332.528558133333,28.6322873791838,44.3970076788485,549.739917680329,479.487682931563,注视,9.63740249045564
736,332.5302248,28.6322873791838,44.3970076788485,549.739917680329,479.487682931563,注视,8.51804398828057
737,332.531891466667,28.6322873791838,44.3970076788485,549.739917680329,479.487682931563,注视,5.54667791508077
738,332.533558133333,28.6322873791838,44.3970076788485,549.739917680329,479.487682931563,注视,2.35531740523127
739,332.5352248,28.6322873791838,44.3970076788485,549.739917680329,479.487682931563,注视,1.69596541415089
740,332.536891466667,28.6322873791838,44.3970076788485,549.739917680329,479.487682931563,注视,5.43147265402483
741,332.538558133333,28.6322873791838,44.3970076788485,549.739917680329,479.487682931563,注视,10.4228705043134
742,332.5402248,28.6322873791838,44.3970076788485,549.739917680329,479.487682931563,注视,12.2371950159787
743,332.541891466667,28.6322873791838,44.3970076788485,549.739917680329,479.487682931563,注视,3.66676985013446
744,332.543558133333,28.6322873791838,44.3970076788485,549.739917680329,479.487682931563,注视,3.44159511339153
745,332.5452248,28.6322873791838,44.3970076788485,549.739917680329,479.487682931563,注视,9.15029432527616
746,332.546891466667,28.6322873791838,44.3970076788485,549.739917680329,479.487682931563,注视,8.19876418519814
747,332.548558133333,28.6322873791838,44.3970076788485,549.739917680329,479.487682931563,注视,7.12008473887117
748,332.5502248,28.6322873791838,44.3970076788485,549.739917680329,479.487682931563,注视,7.14246269859646
749,332.551891466667,28.6322873791838,44.3970076788485,549.739917680329,479.487682931563,注视,5.94977259811587
750,332.553558133333,28.6322873791838,44.3970076788485,549.739917680329,479.487682931563,注视,7.96530906341288
751,332.5552248,28.6322873791838,44.3970076788485,549.739917680329,479.487682931563,注视,3.30950580539977
752,332.556891466667,28.6322873791838,44.3970076788485,549.739917680329,479.487682931563,注视,6.45834001686124
753,332.558558133333,28.6322873791838,44.3970076788485,549.739917680329,479.487682931563,注视,11.7314101476428
754,332.5602248,28.6322873791838,44.3970076788485,549.739917680329,479.487682931563,注视,12.6144273803111
755,332.561891466667,28.6322873791838,44.3970076788485,549.739917680329,479.487682931563,注视,10.2551395751464
756,332.563558133333,28.6322873791838,44.3970076788485,549.739917680329,479.487682931563,注视,10.9561430057253
757,332.5652248,28.6322873791838,44.3970076788485,549.739917680329,479.487682931563,注视,6.16174083489467
758,332.566891466667,28.6322873791838,44.3970076788485,549.739917680329,479.487682931563,注视,6.04805309596934
759,332.568558133333,28.6322873791838,44.3970076788485,549.739917680329,479.487682931563,注视,6.04814135985012
760,332.5702248,28.6322873791838,44.3970076788485,549.739917680329,479.487682931563,注视,7.67832630365197
761,332.571891466667,28.6322873791838,44.3970076788485,549.739917680329,479.487682931563,注视,4.04577231796485
762,332.573558133333,28.6322873791838,44.3970076788485,549.739917680329,479.487682931563,注视,5.8432321136864
763,332.5752248,28.6322873791838,44.3970076788485,549.739917680329,479.487682931563,注视,1.796817893974
764,332.576891466667,28.6322873791838,44.3970076788485,549.739917680329,479.487682931563,注视,2.09668822510657
765,332.578558133333,28.6322873791838,44.3970076788485,549.739917680329,479.487682931563,注视,3.62295708996864
766,332.5802248,28.6322873791838,44.3970076788485,549.739917680329,479.487682931563,注视,3.29091610195485
767,332.581891466667,28.6322873791838,44.3970076788485,549.739917680329,479.487682931563,注视,9.83549161644071
768,332.583558133333,28.6322873791838,44.3970076788485,549.739917680329,479.487682931563,注视,5.60139569458372
769,332.5852248,28.6322873791838,44.3970076788485,549.739917680329,479.487682931563,注视,7.35727462735152
770,332.586891466667,28.6322873791838,44.3970076788485,549.739917680329,479.487682931563,注视,7.35725206191716
771,332.588558133333,28.6322873791838,44.3970076788485,549.739917680329,479.487682931563,注视,11.0527208216225
772,332.5902248,28.6322873791838,44.3970076788485,549.739917680329,479.487682931563,注视,7.12964448818945
773,332.591891466667,28.6322873791838,44.3970076788485,549.739917680329,479.487682931563,注视,3.34542134126689
774,332.593558133333,28.6322873791838,44.3970076788485,549.739917680329,479.487682931563,注视,8.8608199597072
775,332.5952248,28.6322873791838,44.3970076788485,549.739917680329,479.487682931563,注视,3.49993883527836
776,332.596891466667,28.6322873791838,44.3970076788485,549.739917680329,479.487682931563,注视,7.20162570870442
777,332.598558133333,28.6322873791838,44.3970076788485,549.739917680329,479.487682931563,注视,5.77605389720225
778,332.6002248,28.6322873791838,44.3970076788485,549.739917680329,479.487682931563,注视,8.56855744047147
779,332.601891466667,28.6322873791838,44.3970076788485,549.739917680329,479.487682931563,注视,6.34325189767073
780,332.603558133333,28.6322873791838,44.3970076788485,549.739917680329,479.487682931563,注视,11.4279771763791
781,332.6052248,28.6322873791838,44.3970076788485,549.739917680329,479.487682931563,注视,10.6336941654769
782,332.606891466667,28.6322873791838,44.3970076788485,549.739917680329,479.487682931563,注视,17.1985855963974
783,332.608558133333,28.9462253451347,44.9695259332657,555.767526626587,485.670880079269,眼跳,32.2186094572501
784,332.6102248,28.792916238308,44.9695259332657,552.823991775513,485.670880079269,眼跳,40.5995572450323
785,332.611891466667,28.5590037703514,44.8912799358368,548.332872390747,484.825823307037,眼跳,42.2253353298449
786,332.613558133333,28.415484726429,44.8365807533264,545.577306747437,484.235072135925,眼跳,46.6967357906205
787,332.6152248,28.4098297357559,44.8365807533264,545.468730926514,484.235072135925,眼跳,54.9654440762095
788,332.616891466667,28.1198978424072,44.8586419224739,539.902038574219,484.473332762718,眼跳,64.5547972429523
789,332.618558133333,27.8077945113182,45.2315852046013,533.90965461731,488.501120209694,眼跳,61.6690042494266
790,332.6202248,27.3784786462784,44.8586419224739,525.666790008545,484.473332762718,眼跳,62.2256539946119
791,332.621891466667,27.1693497896194,44.8491334915161,521.651515960693,484.370641708374,眼跳,60.0698898370916
792,332.623558133333,26.9984439015388,44.8231637477875,518.370122909546,484.090168476105,眼跳,57.6041688128426
793,332.6252248,26.7039075493813,44.7140604257584,512.71502494812,482.91185259819,眼跳,67.6259157739421
794,332.626891466667,26.4970809221268,44.3870082497597,508.743953704834,479.379689097404,眼跳,60.1281518190319
795,332.628558133333,26.6395673155785,44.1620796918869,511.479692459106,476.950460672379,眼跳,52.7605329093763
796,332.6302248,26.4634534716606,44.1620796918869,508.098306655884,476.950460672379,眼跳,36.806508605557
797,332.631891466667,26.3033524155617,44.1620796918869,505.024366378784,476.950460672379,眼跳,31.3626755301141
798,332.633558133333,26.214273472627,44.8756512171692,503.314050674438,484.657033145428,注视,27.6230935453867
799,332.6352248,26.214273472627,44.8756512171692,503.314050674438,484.657033145428,注视,20.8512732522862
800,332.636891466667,26.214273472627,44.8756512171692,503.314050674438,484.657033145428,注视,18.0641860315987
801,332.638558133333,26.214273472627,44.8756512171692,503.314050674438,484.657033145428,注视,22.0408586289419
802,332.6402248,26.214273472627,44.8756512171692,503.314050674438,484.657033145428,注视,16.997053094325
803,332.641891466667,26.214273472627,44.8756512171692,503.314050674438,484.657033145428,注视,8.89985730729018
804,332.643558133333,26.214273472627,44.8756512171692,503.314050674438,484.657033145428,注视,8.63311191905013
805,332.6452248,26.214273472627,44.8756512171692,503.314050674438,484.657033145428,注视,7.79071360759076
806,332.646891466667,26.214273472627,44.8756512171692,503.314050674438,484.657033145428,注视,7.79054078183896
807,332.648558133333,26.214273472627,44.8756512171692,503.314050674438,484.657033145428,注视,4.53386338128112
808,332.6502248,26.214273472627,44.8756512171692,503.314050674438,484.657033145428,注视,7.87893809589782
809,332.651891466667,26.214273472627,44.8756512171692,503.314050674438,484.657033145428,注视,10.1685350836106
810,332.653558133333,26.214273472627,44.8756512171692,503.314050674438,484.657033145428,注视,7.60356659263408
811,332.6552248,26.214273472627,44.8756512171692,503.314050674438,484.657033145428,注视,6.43287752241699
812,332.656891466667,26.214273472627,44.8756512171692,503.314050674438,484.657033145428,注视,7.26067492082894
813,332.658558133333,26.214273472627,44.8756512171692,503.314050674438,484.657033145428,注视,6.38567881912232
814,332.6602248,26.214273472627,44.8756512171692,503.314050674438,484.657033145428,注视,5.11650508327101
815,332.661891466667,26.214273472627,44.8756512171692,503.314050674438,484.657033145428,注视,2.03789334255165
816,332.663558133333,26.214273472627,44.8756512171692,503.314050674438,484.657033145428,注视,1.58898364614236
817,332.6652248,26.214273472627,44.8756512171692,503.314050674438,484.657033145428,注视,2.92876921020748
818,332.666891466667,26.214273472627,44.8756512171692,503.314050674438,484.657033145428,注视,1.19580003316539
819,332.668558133333,26.214273472627,44.8756512171692,503.314050674438,484.657033145428,注视,1.99060576452405
820,332.6702248,26.214273472627,44.8756512171692,503.314050674438,484.657033145428,注视,0.566478992015975
821,332.671891466667,26.214273472627,44.8756512171692,503.314050674438,484.657033145428,注视,9.54609245523721
822,332.673558133333,26.214273472627,44.8756512171692,503.314050674438,484.657033145428,注视,13.4309695511813
823,332.6752248,26.214273472627,44.8756512171692,503.314050674438,484.657033145428,注视,13.5680661735408
824,332.676891466667,26.214273472627,44.8756512171692,503.314050674438,484.657033145428,注视,3.11648144225611
825,332.678558133333,26.214273472627,44.8756512171692,503.314050674438,484.657033145428,注视,7.41504982421439
826,332.6802248,26.214273472627,44.8756512171692,503.314050674438,484.657033145428,注视,11.8003986427589
827,332.681891466667,26.214273472627,44.8756512171692,503.314050674438,484.657033145428,注视,11.8438897536285
828,332.683558133333,26.214273472627,44.8756512171692,503.314050674438,484.657033145428,注视,7.6628610093378
829,332.6852248,26.214273472627,44.8756512171692,503.314050674438,484.657033145428,注视,6.03289532849522
830,332.686891466667,26.214273472627,44.8756512171692,503.314050674438,484.657033145428,注视,4.79472935125636
831,332.688558133333,26.214273472627,44.8756512171692,503.314050674438,484.657033145428,注视,5.45053792962715
832,332.6902248,26.214273472627,44.8756512171692,503.314050674438,484.657033145428,注视,10.0495458701023
833,332.691891466667,26.214273472627,44.8756512171692,503.314050674438,484.657033145428,注视,8.45060433953505
834,332.693558133333,26.214273472627,44.8756512171692,503.314050674438,484.657033145428,注视,4.97684890876157
835,332.6952248,26.214273472627,44.8756512171692,503.314050674438,484.657033145428,注视,5.9920735139204
836,332.696891466667,26.214273472627,44.8756512171692,503.314050674438,484.657033145428,注视,4.90087290664612
837,332.698558133333,26.214273472627,44.8756512171692,503.314050674438,484.657033145428,注视,11.7358702288762
838,332.7002248,26.214273472627,44.8756512171692,503.314050674438,484.657033145428,注视,9.85775824348203
839,332.701891466667,26.214273472627,44.8756512171692,503.314050674438,484.657033145428,注视,10.1312937735761
840,332.703558133333,26.214273472627,44.8756512171692,503.314050674438,484.657033145428,注视,11.1728064640857
841,332.7052248,26.214273472627,44.8756512171692,503.314050674438,484.657033145428,注视,11.0922396681514
842,332.706891466667,26.214273472627,44.8756512171692,503.314050674438,484.657033145428,注视,11.5129086091801
843,332.708558133333,26.214273472627,44.8756512171692,503.314050674438,484.657033145428,注视,12.1320875465066
844,332.7102248,26.214273472627,44.8756512171692,503.314050674438,484.657033145428,注视,4.84216474945342
845,332.711891466667,26.214273472627,44.8756512171692,503.314050674438,484.657033145428,注视,3.041960372544
846,332.713558133333,26.214273472627,44.8756512171692,503.314050674438,484.657033145428,注视,2.73226404347789
847,332.7152248,26.214273472627,44.8756512171692,503.314050674438,484.657033145428,注视,2.23076142628483
848,332.716891466667,26.214273472627,44.8756512171692,503.314050674438,484.657033145428,注视,11.5151955333926
849,332.718558133333,26.214273472627,44.8756512171692,503.314050674438,484.657033145428,注视,15.852884677841
850,332.7202248,26.214273472627,44.8756512171692,503.314050674438,484.657033145428,注视,14.2854998043682
851,332.721891466667,26.214273472627,44.8756512171692,503.314050674438,484.657033145428,注视,15.4489294427355
852,332.723558133333,26.214273472627,44.8756512171692,503.314050674438,484.657033145428,注视,12.1031411040742
853,332.7252248,26.214273472627,44.8756512171692,503.314050674438,484.657033145428,注视,1.43306579995087
854,332.726891466667,26.214273472627,44.8756512171692,503.314050674438,484.657033145428,注视,1.4137992641385
855,332.728558133333,26.214273472627,44.8756512171692,503.314050674438,484.657033145428,注视,2.50634226405287
856,332.7302248,26.214273472627,44.8756512171692,503.314050674438,484.657033145428,注视,1.36638202331045
857,332.731891466667,26.214273472627,44.8756512171692,503.314050674438,484.657033145428,注视,3.47749647607968
858,332.733558133333,26.214273472627,44.8756512171692,503.314050674438,484.657033145428,注视,7.71189783386256
859,332.7352248,26.214273472627,44.8756512171692,503.314050674438,484.657033145428,注视,5.23203836752751
860,332.736891466667,26.214273472627,44.8756512171692,503.314050674438,484.657033145428,注视,3.73226806417245
861,332.738558133333,26.214273472627,44.8756512171692,503.314050674438,484.657033145428,注视,5.94351283630255
862,332.7402248,26.214273472627,44.8756512171692,503.314050674438,484.657033145428,注视,3.61302328108364
863,332.741891466667,26.214273472627,44.8756512171692,503.314050674438,484.657033145428,注视,3.69494276382519
864,332.743558133333,26.214273472627,44.8756512171692,503.314050674438,484.657033145428,注视,4.24914919651505
865,332.7452248,26.214273472627,44.8756512171692,503.314050674438,484.657033145428,注视,12.6800526932413
866,332.746891466667,26.214273472627,44.8756512171692,503.314050674438,484.657033145428,注视,12.0053967362898
867,332.748558133333,26.214273472627,44.8756512171692,503.314050674438,484.657033145428,注视,11.0312973605506
868,332.7502248,26.214273472627,44.8756512171692,503.314050674438,484.657033145428,注视,8.28894975563677
869,332.751891466667,26.214273472627,44.8756512171692,503.314050674438,484.657033145428,注视,5.34791084322429
870,332.753558133333,26.214273472627,44.8756512171692,503.314050674438,484.657033145428,注视,5.87691018400566
871,332.7552248,26.214273472627,44.8756512171692,503.314050674438,484.657033145428,注视,2.8564001920475
872,332.756891466667,26.214273472627,44.8756512171692,503.314050674438,484.657033145428,注视,2.79232767097378
873,332.758558133333,26.214273472627,44.8756512171692,503.314050674438,484.657033145428,注视,3.72662178410363
874,332.7602248,26.214273472627,44.8756512171692,503.314050674438,484.657033145428,注视,3.72870578952119
875,332.761891466667,26.214273472627,44.8756512171692,503.314050674438,484.657033145428,注视,5.67717228045351
876,332.763558133333,26.214273472627,44.8756512171692,503.314050674438,484.657033145428,注视,2.3019483399186
877,332.7652248,26.214273472627,44.8756512171692,503.314050674438,484.657033145428,注视,3.12698431288848
878,332.766891466667,26.214273472627,44.8756512171692,503.314050674438,484.657033145428,注视,5.58079955501092
879,332.768558133333,26.214273472627,44.8756512171692,503.314050674438,484.657033145428,注视,8.46844400511096
880,332.7702248,26.214273472627,44.8756512171692,503.314050674438,484.657033145428,注视,7.9929229221751
881,332.771891466667,26.214273472627,44.8756512171692,503.314050674438,484.657033145428,注视,8.54097108631174
882,332.773558133333,26.214273472627,44.8756512171692,503.314050674438,484.657033145428,注视,2.6535222235132
883,332.7752248,26.214273472627,44.8756512171692,503.314050674438,484.657033145428,注视,6.28611836079028
884,332.776891466667,26.214273472627,44.8756512171692,503.314050674438,484.657033145428,注视,9.08983415936301
885,332.778558133333,26.214273472627,44.8756512171692,503.314050674438,484.657033145428,注视,23.2575126082582
886,332.7802248,26.214273472627,44.8756512171692,503.314050674438,484.657033145428,注视,23.9491440113712
887,332.781891466667,26.214273472627,44.8756512171692,503.314050674438,484.657033145428,注视,27.4701938336979
888,332.783558133333,26.4058202505112,45.0499936938286,506.991748809814,486.539931893349,眼跳,70.6846054948308
889,332.7852248,26.4058202505112,44.3087980151176,506.991748809814,478.535018563271,眼跳,72.168538253061
890,332.786891466667,26.2929141521454,44.1065102815628,504.823951721191,476.350311040878,眼跳,88.3674268183555
891,332.788558133333,26.2929141521454,43.6091631650925,504.823951721191,470.978962182999,眼跳,100.365459859989
892,332.7902248,26.1333003640175,43.6091631650925,501.759366989136,470.978962182999,眼跳,105.042291365545
893,332.791891466667,25.9477555751801,43.6091631650925,498.196907043457,470.978962182999,眼跳,119.305086322669
894,332.793558133333,25.9477555751801,40.0301992893219,498.196907043457,432.326152324677,眼跳,141.342433306576
895,332.7952248,25.9324669837952,39.9247869849205,497.903366088867,431.187699437141,眼跳,153.875105592338
896,332.796891466667,26.1251106858253,38.4504839777946,501.602125167847,415.265226960182,眼跳,154.571298829082
897,332.798558133333,26.1297032237053,37.5327706336975,501.690301895142,405.353922843933,眼跳,170.345100892635
898,332.8002248,26.1297032237053,37.3355388641357,501.690301895142,403.223819732666,眼跳,177.120331883476
899,332.801891466667,25.9483128786087,36.3470703363419,498.207607269287,392.548359632492,眼跳,184.847187934247
900,332.803558133333,25.831513106823,35.6224521994591,495.965051651001,384.722483754158,眼跳,144.602247806515
901,332.8052248,25.7284313440323,34.0486019849777,493.98588180542,367.724901437759,眼跳,167.977500841334
902,332.806891466667,25.5490139126778,33.8081538677216,490.541067123413,365.128061771393,眼跳,146.785708807377
903,332.808558133333,25.5231112241745,32.2429478168488,490.04373550415,348.223836421967,眼跳,151.937986767878
904,332.8102248,25.3426790237427,31.7827254533768,486.579437255859,343.253434896469,眼跳,154.750482594716
905,332.811891466667,25.300857424736,31.2317118048668,485.776462554932,337.302487492561,眼跳,139.999289625607
906,332.813558133333,25.300857424736,30.3596645593643,485.776462554932,327.884377241135,眼跳,132.166707236536
907,332.8152248,25.300857424736,28.6618202924728,485.776462554932,309.547659158707,眼跳,110.719433955213
908,332.816891466667,25.3405660390854,28.6498665809631,486.538867950439,309.418559074402,眼跳,117.282563569788
909,332.818558133333,25.2809703350067,27.3868337273598,485.394630432129,295.777804255486,眼跳,96.8993866273573
910,332.8202248,25.2461396157742,27.0035862922668,484.725880622864,291.638731956482,眼跳,91.0237103172779
911,332.821891466667,25.2461396157742,26.9731000065804,484.725880622864,291.309480071068,眼跳,85.8334171399649
912,332.823558133333,25.250981003046,26.7526209354401,484.818835258484,288.928306102753,眼跳,74.518346544248
913,332.8252248,25.3860399127007,26.5919834375381,487.411966323853,287.193421125412,眼跳,50.6206271071308
914,332.826891466667,25.3860399127007,25.8898690342903,487.411966323853,279.610585570335,眼跳,53.4399240938713
915,332.828558133333,25.3356471657753,25.698085129261,486.444425582886,277.539319396019,眼跳,31.7739402183171
916,332.8302248,25.4417699133587,26.6967272256003,488.481982336488,288.324654036483,注视,24.9020171662006
917,332.831891466667,25.4417699133587,26.6967272256003,488.481982336488,288.324654036483,注视,24.5259285572583
918,332.833558133333,25.4417699133587,26.6967272256003,488.481982336488,288.324654036483,注视,14.8375546822305
919,332.8352248,25.4417699133587,26.6967272256003,488.481982336488,288.324654036483,注视,9.79746471759494
920,332.836891466667,25.4417699133587,26.6967272256003,488.481982336488,288.324654036483,注视,3.40206665782702
921,332.838558133333,25.4417699133587,26.6967272256003,488.481982336488,288.324654036483,注视,10.2650821079826
922,332.8402248,25.4417699133587,26.6967272256003,488.481982336488,288.324654036483,注视,11.4615101648783
923,332.841891466667,25.4417699133587,26.6967272256003,488.481982336488,288.324654036483,注视,18.1439968540794
924,332.843558133333,25.4417699133587,26.6967272256003,488.481982336488,288.324654036483,注视,19.7134382867611
925,332.8452248,25.4417699133587,26.6967272256003,488.481982336488,288.324654036483,注视,12.7289133561284
926,332.846891466667,25.4417699133587,26.6967272256003,488.481982336488,288.324654036483,注视,15.483785753655
927,332.848558133333,25.4417699133587,26.6967272256003,488.481982336488,288.324654036483,注视,21.4321758945843
928,332.8502248,25.4417699133587,26.6967272256003,488.481982336488,288.324654036483,注视,23.8664372136072
929,332.851891466667,25.4417699133587,26.6967272256003,488.481982336488,288.324654036483,注视,24.200225432487
930,332.853558133333,25.4417699133587,26.6967272256003,488.481982336488,288.324654036483,注视,18.1439842619118
931,332.8552248,25.4417699133587,26.6967272256003,488.481982336488,288.324654036483,注视,23.0372850776743
932,332.856891466667,25.4417699133587,26.6967272256003,488.481982336488,288.324654036483,注视,22.4548249412094
933,332.858558133333,25.4417699133587,26.6967272256003,488.481982336488,288.324654036483,注视,9.63278610452013
934,332.8602248,25.4417699133587,26.6967272256003,488.481982336488,288.324654036483,注视,8.41982943409576
935,332.861891466667,25.4417699133587,26.6967272256003,488.481982336488,288.324654036483,注视,4.20604095240631
936,332.863558133333,25.4417699133587,26.6967272256003,488.481982336488,288.324654036483,注视,1.72626320325756
937,332.8652248,25.4417699133587,26.6967272256003,488.481982336488,288.324654036483,注视,12.4130246115054
938,332.866891466667,25.4417699133587,26.6967272256003,488.481982336488,288.324654036483,注视,13.7667905147704
939,332.868558133333,25.4417699133587,26.6967272256003,488.481982336488,288.324654036483,注视,6.85669647400349
940,332.8702248,25.4417699133587,26.6967272256003,488.481982336488,288.324654036483,注视,3.07733631670118
941,332.871891466667,25.4417699133587,26.6967272256003,488.481982336488,288.324654036483,注视,5.0804319925532
942,332.873558133333,25.4417699133587,26.6967272256003,488.481982336488,288.324654036483,注视,5.50014424919101
943,332.8752248,25.4417699133587,26.6967272256003,488.481982336488,288.324654036483,注视,7.67412248695663
944,332.876891466667,25.4417699133587,26.6967272256003,488.481982336488,288.324654036483,注视,5.86837279449953
945,332.878558133333,25.4417699133587,26.6967272256003,488.481982336488,288.324654036483,注视,2.19651719796396
946,332.8802248,25.4417699133587,26.6967272256003,488.481982336488,288.324654036483,注视,2.05018401923418
947,332.881891466667,25.4417699133587,26.6967272256003,488.481982336488,288.324654036483,注视,1.67780135320915
948,332.883558133333,25.4417699133587,26.6967272256003,488.481982336488,288.324654036483,注视,5.79198463405537
949,332.8852248,25.4417699133587,26.6967272256003,488.481982336488,288.324654036483,注视,8.17668928094861
950,332.886891466667,25.4417699133587,26.6967272256003,488.481982336488,288.324654036483,注视,8.19623014876842
951,332.888558133333,25.4417699133587,26.6967272256003,488.481982336488,288.324654036483,注视,4.59047946752628
952,332.8902248,25.4417699133587,26.6967272256003,488.481982336488,288.324654036483,注视,8.91153182899895
953,332.891891466667,25.4417699133587,26.6967272256003,488.481982336488,288.324654036483,注视,9.41111122610106
954,332.893558133333,25.4417699133587,26.6967272256003,488.481982336488,288.324654036483,注视,15.0343796936329
955,332.8952248,25.4417699133587,26.6967272256003,488.481982336488,288.324654036483,注视,2.62116640997655
956,332.896891466667,25.4417699133587,26.6967272256003,488.481982336488,288.324654036483,注视,2.73585573491022
957,332.898558133333,25.4417699133587,26.6967272256003,488.481982336488,288.324654036483,注视,0.964307853558674
958,332.9002248,25.4417699133587,26.6967272256003,488.481982336488,288.324654036483,注视,3.40994336248567
959,332.901891466667,25.4417699133587,26.6967272256003,488.481982336488,288.324654036483,注视,7.48055058927739
960,332.903558133333,25.4417699133587,26.6967272256003,488.481982336488,288.324654036483,注视,3.8380021287871
961,332.9052248,25.4417699133587,26.6967272256003,488.481982336488,288.324654036483,注视,2.72716924356213
962,332.906891466667,25.4417699133587,26.6967272256003,488.481982336488,288.324654036483,注视,3.84330640070004
963,332.908558133333,25.4417699133587,26.6967272256003,488.481982336488,288.324654036483,注视,2.14238872792593
964,332.9102248,25.4417699133587,26.6967272256003,488.481982336488,288.324654036483,注视,11.2363817142192
965,332.911891466667,25.4417699133587,26.6967272256003,488.481982336488,288.324654036483,注视,0.677979075672714
966,332.913558133333,25.4417699133587,26.6967272256003,488.481982336488,288.324654036483,注视,6.08622366177706
967,332.9152248,25.4417699133587,26.6967272256003,488.481982336488,288.324654036483,注视,4.16508422584873
968,332.916891466667,25.4417699133587,26.6967272256003,488.481982336488,288.324654036483,注视,3.31631859871884
969,332.918558133333,25.4417699133587,26.6967272256003,488.481982336488,288.324654036483,注视,3.88498485479837
970,332.9202248,25.4417699133587,26.6967272256003,488.481982336488,288.324654036483,注视,3.42203886327253
971,332.921891466667,25.4417699133587,26.6967272256003,488.481982336488,288.324654036483,注视,9.91558574198858
972,332.923558133333,25.4417699133587,26.6967272256003,488.481982336488,288.324654036483,注视,7.61476706436117
973,332.9252248,25.4417699133587,26.6967272256003,488.481982336488,288.324654036483,注视,6.99320349548486
974,332.926891466667,25.4417699133587,26.6967272256003,488.481982336488,288.324654036483,注视,1.61757935012539
975,332.928558133333,25.4417699133587,26.6967272256003,488.481982336488,288.324654036483,注视,2.34566471994108
976,332.9302248,25.4417699133587,26.6967272256003,488.481982336488,288.324654036483,注视,3.17402722318301
977,332.931891466667,25.4417699133587,26.6967272256003,488.481982336488,288.324654036483,注视,4.78933363520654
978,332.933558133333,25.4417699133587,26.6967272256003,488.481982336488,288.324654036483,注视,5.0296507105074
979,332.9352248,25.4417699133587,26.6967272256003,488.481982336488,288.324654036483,注视,4.78003468916466
980,332.936891466667,25.4417699133587,26.6967272256003,488.481982336488,288.324654036483,注视,5.36422972791376
981,332.938558133333,25.4417699133587,26.6967272256003,488.481982336488,288.324654036483,注视,3.21520040475889
982,332.9402248,25.4417699133587,26.6967272256003,488.481982336488,288.324654036483,注视,9.28859648194428
983,332.941891466667,25.4417699133587,26.6967272256003,488.481982336488,288.324654036483,注视,5.95387503633736
984,332.943558133333,25.4417699133587,26.6967272256003,488.481982336488,288.324654036483,注视,4.88912106439663
985,332.9452248,25.4417699133587,26.6967272256003,488.481982336488,288.324654036483,注视,1.89111872977709
986,332.946891466667,25.4417699133587,26.6967272256003,488.481982336488,288.324654036483,注视,1.55129644742543
987,332.948558133333,25.4417699133587,26.6967272256003,488.481982336488,288.324654036483,注视,4.3636618190583
988,332.9502248,25.4417699133587,26.6967272256003,488.481982336488,288.324654036483,注视,1.85254244613752
989,332.951891466667,25.4417699133587,26.6967272256003,488.481982336488,288.324654036483,注视,2.15437329428412
990,332.953558133333,25.4417699133587,26.6967272256003,488.481982336488,288.324654036483,注视,4.23537979250176
991,332.9552248,25.4417699133587,26.6967272256003,488.481982336488,288.324654036483,注视,1.44788763306952
992,332.956891466667,25.4417699133587,26.6967272256003,488.481982336488,288.324654036483,注视,4.91617664706743
993,332.958558133333,25.4417699133587,26.6967272256003,488.481982336488,288.324654036483,注视,5.85816078257442
994,332.9602248,25.4417699133587,26.6967272256003,488.481982336488,288.324654036483,注视,4.9753736542878
995,332.961891466667,25.4417699133587,26.6967272256003,488.481982336488,288.324654036483,注视,4.61534584931387
996,332.963558133333,25.4417699133587,26.6967272256003,488.481982336488,288.324654036483,注视,1.80588167801069
997,332.9652248,25.4417699133587,26.6967272256003,488.481982336488,288.324654036483,注视,2.21965695601315
998,332.966891466667,25.4417699133587,26.6967272256003,488.481982336488,288.324654036483,注视,1.92856090007682
999,332.968558133333,25.4417699133587,26.6967272256003,488.481982336488,288.324654036483,注视,0.720035466343699
1000,332.9702248,25.4417699133587,26.6967272256003,488.481982336488,288.324654036483,注视,0.638699468585383
1001,332.971891466667,25.4417699133587,26.6967272256003,488.481982336488,288.324654036483,注视,2.4126461407118
1002,332.973558133333,25.4417699133587,26.6967272256003,488.481982336488,288.324654036483,注视,2.11062096724739
1003,332.9752248,25.4417699133587,26.6967272256003,488.481982336488,288.324654036483,注视,0.944566281428728
1004,332.976891466667,25.4417699133587,26.6967272256003,488.481982336488,288.324654036483,注视,5.27882142993545
1005,332.978558133333,25.4417699133587,26.6967272256003,488.481982336488,288.324654036483,注视,7.88981187193331
1006,332.9802248,25.4417699133587,26.6967272256003,488.481982336488,288.324654036483,注视,11.4301981419318
1007,332.981891466667,25.4417699133587,26.6967272256003,488.481982336488,288.324654036483,注视,1.64778329507681
1008,332.983558133333,25.4417699133587,26.6967272256003,488.481982336488,288.324654036483,注视,3.31187308319627
1009,332.9852248,25.4417699133587,26.6967272256003,488.481982336488,288.324654036483,注视,7.60210836558633
1010,332.986891466667,25.4417699133587,26.6967272256003,488.481982336488,288.324654036483,注视,2.0815252274273
1011,332.988558133333,25.4417699133587,26.6967272256003,488.481982336488,288.324654036483,注视,3.31585010696735
1012,332.9902248,25.4417699133587,26.6967272256003,488.481982336488,288.324654036483,注视,5.0701703861097
1013,332.991891466667,25.4417699133587,26.6967272256003,488.481982336488,288.324654036483,注视,4.71455590867693
1014,332.993558133333,25.4417699133587,26.6967272256003,488.481982336488,288.324654036483,注视,6.97266656812754
1015,332.9952248,25.4417699133587,26.6967272256003,488.481982336488,288.324654036483,注视,5.90668326564914
1016,332.996891466667,25.4417699133587,26.6967272256003,488.481982336488,288.324654036483,注视,8.35829416465377
1017,332.998558133333,25.4417699133587,26.6967272256003,488.481982336488,288.324654036483,注视,2.56698662734999
1018,333.0002248,25.4417699133587,26.6967272256003,488.481982336488,288.324654036483,注视,4.2408883268201
1019,333.001891466667,25.4417699133587,26.6967272256003,488.481982336488,288.324654036483,注视,4.09976994263082
1020,333.003558133333,25.4417699133587,26.6967272256003,488.481982336488,288.324654036483,注视,8.59207789074933
1021,333.0052248,25.4417699133587,26.6967272256003,488.481982336488,288.324654036483,注视,1.34727755284944
1022,333.006891466667,25.4417699133587,26.6967272256003,488.481982336488,288.324654036483,注视,3.56333656204636
1023,333.008558133333,25.4417699133587,26.6967272256003,488.481982336488,288.324654036483,注视,6.76621519286201
1024,333.0102248,25.4417699133587,26.6967272256003,488.481982336488,288.324654036483,注视,8.17604492571944
1025,333.011891466667,25.4417699133587,26.6967272256003,488.481982336488,288.324654036483,注视,7.34972065427495
1026,333.013558133333,25.4417699133587,26.6967272256003,488.481982336488,288.324654036483,注视,7.22447835542596
1027,333.0152248,25.4417699133587,26.6967272256003,488.481982336488,288.324654036483,注视,7.73191090384199
1028,333.016891466667,25.4417699133587,26.6967272256003,488.481982336488,288.324654036483,注视,3.60322245055983
1029,333.018558133333,25.4417699133587,26.6967272256003,488.481982336488,288.324654036483,注视,1.69480892985952
1030,333.0202248,25.4417699133587,26.6967272256003,488.481982336488,288.324654036483,注视,0.612154999845378
1031,333.021891466667,25.4417699133587,26.6967272256003,488.481982336488,288.324654036483,注视,5.39985704879652
1032,333.023558133333,25.4417699133587,26.6967272256003,488.481982336488,288.324654036483,注视,5.45368233097656
1033,333.0252248,25.4417699133587,26.6967272256003,488.481982336488,288.324654036483,注视,1.20609641094239
1034,333.026891466667,25.4417699133587,26.6967272256003,488.481982336488,288.324654036483,注视,6.05811755400571
1035,333.028558133333,25.4417699133587,26.6967272256003,488.481982336488,288.324654036483,注视,7.84041740696492
1036,333.0302248,25.4417699133587,26.6967272256003,488.481982336488,288.324654036483,注视,6.73391138878572
1037,333.031891466667,25.4417699133587,26.6967272256003,488.481982336488,288.324654036483,注视,7.46179571239655
1038,333.033558133333,25.4417699133587,26.6967272256003,488.481982336488,288.324654036483,注视,4.19756154087606
1039,333.0352248,25.4417699133587,26.6967272256003,488.481982336488,288.324654036483,注视,4.60611906318827
1040,333.036891466667,25.4417699133587,26.6967272256003,488.481982336488,288.324654036483,注视,4.41316857396783
1041,333.038558133333,25.4417699133587,26.6967272256003,488.481982336488,288.324654036483,注视,3.1986895490152
1042,333.0402248,25.4417699133587,26.6967272256003,488.481982336488,288.324654036483,注视,2.81761282056904
1043,333.041891466667,25.4417699133587,26.6967272256003,488.481982336488,288.324654036483,注视,5.89536790893384
1044,333.043558133333,25.4417699133587,26.6967272256003,488.481982336488,288.324654036483,注视,5.60817695470821
1045,333.0452248,25.4417699133587,26.6967272256003,488.481982336488,288.324654036483,注视,3.12499271602284
1046,333.046891466667,25.4417699133587,26.6967272256003,488.481982336488,288.324654036483,注视,8.10964220852185
1047,333.048558133333,25.4417699133587,26.6967272256003,488.481982336488,288.324654036483,注视,7.3329735728031
1048,333.0502248,25.4417699133587,26.6967272256003,488.481982336488,288.324654036483,注视,2.29705660913843
1049,333.051891466667,25.4417699133587,26.6967272256003,488.481982336488,288.324654036483,注视,4.89204153794957
1050,333.053558133333,25.4417699133587,26.6967272256003,488.481982336488,288.324654036483,注视,3.5667164895993
1051,333.0552248,25.4417699133587,26.6967272256003,488.481982336488,288.324654036483,注视,1.64235706533732
1052,333.056891466667,25.4417699133587,26.6967272256003,488.481982336488,288.324654036483,注视,4.27003379529246
1053,333.058558133333,25.4417699133587,26.6967272256003,488.481982336488,288.324654036483,注视,7.08354514155377
1054,333.0602248,25.4417699133587,26.6967272256003,488.481982336488,288.324654036483,注视,10.2390558639097
1055,333.061891466667,25.4417699133587,26.6967272256003,488.481982336488,288.324654036483,注视,10.7721940438312
1056,333.063558133333,25.4417699133587,26.6967272256003,488.481982336488,288.324654036483,注视,10.7383085047897
1057,333.0652248,25.4417699133587,26.6967272256003,488.481982336488,288.324654036483,注视,8.09010294885132
1058,333.066891466667,25.4417699133587,26.6967272256003,488.481982336488,288.324654036483,注视,1.25041412056829
1059,333.068558133333,25.4417699133587,26.6967272256003,488.481982336488,288.324654036483,注视,5.94017526668961
1060,333.0702248,25.4417699133587,26.6967272256003,488.481982336488,288.324654036483,注视,5.77387622345132
1061,333.071891466667,25.4417699133587,26.6967272256003,488.481982336488,288.324654036483,注视,7.41363130553851
1062,333.073558133333,25.4417699133587,26.6967272256003,488.481982336488,288.324654036483,注视,7.87701917878573
1063,333.0752248,25.4417699133587,26.6967272256003,488.481982336488,288.324654036483,注视,5.90852161558758
1064,333.076891466667,25.4417699133587,26.6967272256003,488.481982336488,288.324654036483,注视,2.07746442455566
1065,333.078558133333,25.4417699133587,26.6967272256003,488.481982336488,288.324654036483,注视,2.78089953131192
1066,333.0802248,25.4417699133587,26.6967272256003,488.481982336488,288.324654036483,注视,5.40045352450733
1067,333.081891466667,25.4417699133587,26.6967272256003,488.481982336488,288.324654036483,注视,7.69949830978285
1068,333.083558133333,25.4417699133587,26.6967272256003,488.481982336488,288.324654036483,注视,6.29518655414715
1069,333.0852248,25.4417699133587,26.6967272256003,488.481982336488,288.324654036483,注视,3.37436172576537
1070,333.086891466667,25.4417699133587,26.6967272256003,488.481982336488,288.324654036483,注视,3.3743629077634
1071,333.088558133333,25.4417699133587,26.6967272256003,488.481982336488,288.324654036483,注视,9.60661913302487
1072,333.0902248,25.4417699133587,26.6967272256003,488.481982336488,288.324654036483,注视,11.5407012046428
1073,333.091891466667,25.4417699133587,26.6967272256003,488.481982336488,288.324654036483,注视,6.46499769620642
1074,333.093558133333,25.4417699133587,26.6967272256003,488.481982336488,288.324654036483,注视,2.51882060374494
1075,333.0952248,25.4417699133587,26.6967272256003,488.481982336488,288.324654036483,注视,0.810261981551013
1076,333.096891466667,25.4417699133587,26.6967272256003,488.481982336488,288.324654036483,注视,3.25327362795098
1077,333.098558133333,25.4417699133587,26.6967272256003,488.481982336488,288.324654036483,注视,7.99383900842193
1078,333.1002248,25.4417699133587,26.6967272256003,488.481982336488,288.324654036483,注视,8.02370750933739
1079,333.101891466667,25.4417699133587,26.6967272256003,488.481982336488,288.324654036483,注视,4.12642527794671
1080,333.103558133333,25.4417699133587,26.6967272256003,488.481982336488,288.324654036483,注视,7.83000945031351
1081,333.1052248,25.4417699133587,26.6967272256003,488.481982336488,288.324654036483,注视,9.07551473078023
1082,333.106891466667,25.4417699133587,26.6967272256003,488.481982336488,288.324654036483,注视,9.64240772107511
1083,333.108558133333,25.4417699133587,26.6967272256003,488.481982336488,288.324654036483,注视,10.3318450834274
1084,333.1102248,25.4417699133587,26.6967272256003,488.481982336488,288.324654036483,注视,41.2977390169898
1085,333.111891466667,25.4417699133587,26.6967272256003,488.481982336488,288.324654036483,注视,42.1267997444385
1086,333.113558133333,25.4417699133587,26.6967272256003,488.481982336488,288.324654036483,注视,40.6355391281106
1087,333.1152248,25.4417699133587,26.6967272256003,488.481982336488,288.324654036483,注视,18.5375643336089
1088,333.116891466667,25.9744435548782,26.3582095503807,498.709316253662,284.668663144112,眼跳,141.034258147268
1089,333.118558133333,25.9744435548782,26.3582095503807,498.709316253662,284.668663144112,Gap,-1
1090,333.1202248,25.9599268436432,24.0552350878716,498.430595397949,259.796538949013,Gap,-1
1091,333.121891466667,25.4657536745071,23.8975554704666,488.942470550537,258.093599081039,Gap,-1
1092,333.123558133333,25.4657536745071,23.8975554704666,488.942470550537,258.093599081039,Gap,-1
1093,333.1252248,26.3816446065903,26.2583136558533,506.527576446533,283.589787483215,Gap,-1
1094,333.126891466667,29.7379374504089,32.5372815132141,570.968399047852,351.402640342712,Gap,-1
1095,333.128558133333,0,0,0,0,Gap,-1
1096,333.1302248,0,0,0,0,Gap,-1
1097,333.131891466667,0,0,0,0,Gap,-1
1098,333.133558133333,0,0,0,0,Gap,-1
1099,333.1352248,0,0,0,0,Gap,-1
1100,333.136891466667,0,0,0,0,Gap,-1
1101,333.138558133333,0,0,0,0,Gap,-1
1102,333.1402248,0,0,0,0,Gap,-1
1103,333.141891466667,0,0,0,0,Gap,-1
1104,333.143558133333,0,0,0,0,Gap,-1
1105,333.1452248,0,0,0,0,Gap,-1
1106,333.146891466667,0,0,0,0,Gap,-1
1107,333.148558133333,0,0,0,0,Gap,-1
1108,333.1502248,0,0,0,0,Gap,-1
1109,333.151891466667,0,0,0,0,Gap,-1
1110,333.153558133333,0,0,0,0,Gap,-1
1111,333.1552248,0,0,0,0,Gap,-1
1112,333.156891466667,0,0,0,0,Gap,-1
1113,333.158558133333,0,0,0,0,Gap,-1
1114,333.1602248,0,0,0,0,Gap,-1
1115,333.161891466667,0,0,0,0,Gap,-1
1116,333.163558133333,0,0,0,0,Gap,-1
1117,333.1652248,0,0,0,0,Gap,-1
1118,333.166891466667,0,0,0,0,Gap,-1
1119,333.168558133333,0,0,0,0,Gap,-1
1120,333.1702248,0,0,0,0,Gap,-1
1121,333.171891466667,0,0,0,0,Gap,-1
1122,333.173558133333,0,0,0,0,Gap,-1
1123,333.1752248,0,0,0,0,Gap,-1
1124,333.176891466667,0,0,0,0,Gap,-1
1125,333.178558133333,0,0,0,0,Gap,-1
1126,333.1802248,0,0,0,0,Gap,-1
1127,333.181891466667,0,0,0,0,Gap,-1
1128,333.183558133333,0,0,0,0,Gap,-1
1129,333.1852248,0,0,0,0,Gap,-1
1130,333.186891466667,0,0,0,0,Gap,-1
1131,333.188558133333,0,0,0,0,Gap,-1
1132,333.1902248,0,0,0,0,Gap,-1
1133,333.191891466667,0,0,0,0,Gap,-1
1134,333.193558133333,0,0,0,0,Gap,-1
1135,333.1952248,0,0,0,0,Gap,-1
1136,333.196891466667,0,0,0,0,Gap,-1
1137,333.198558133333,0,0,0,0,Gap,-1
1138,333.2002248,0,0,0,0,Gap,-1
1139,333.201891466667,0,0,0,0,Gap,-1
1140,333.203558133333,0,0,0,0,Gap,-1
1141,333.2052248,0,0,0,0,Gap,-1
1142,333.206891466667,0,0,0,0,Gap,-1
1143,333.208558133333,0,0,0,0,Gap,-1
1144,333.2102248,0,0,0,0,Gap,-1
1145,333.211891466667,0,0,0,0,Gap,-1
1146,333.213558133333,0,0,0,0,Gap,-1
1147,333.2152248,0,0,0,0,Gap,-1
1148,333.216891466667,0,0,0,0,Gap,-1
1149,333.218558133333,0,0,0,0,Gap,-1
1150,333.2202248,0,0,0,0,Gap,-1
1151,333.221891466667,0,0,0,0,Gap,-1
1152,333.223558133333,0,0,0,0,Gap,-1
1153,333.2252248,63.2492125034332,78.872549533844,1214.38488006592,851.823534965515,Gap,-1
1154,333.226891466667,63.9823913574219,79.3258428573608,1228.4619140625,856.719102859497,Gap,-1
1155,333.228558133333,63.9823913574219,79.3258428573608,1228.4619140625,856.719102859497,Gap,-1
1156,333.2302248,63.6838674545288,74.5179861783981,1222.73025512695,804.7942507267,Gap,-1
1157,333.231891466667,63.6513650417328,74.5179861783981,1222.10620880127,804.7942507267,Gap,-1
1158,333.233558133333,63.6513650417328,75.9295225143433,1222.10620880127,820.038843154907,Gap,-1
1159,333.2352248,63.6513650417328,75.9295225143433,1222.10620880127,820.038843154907,眼跳,69.6401193591913
1160,333.236891466667,63.4698629379272,75.7107019424438,1218.6213684082,817.675580978394,眼跳,102.827388371095
1161,333.238558133333,63.4698629379272,75.4432201385498,1218.6213684082,814.786777496338,眼跳,102.82735310212
1162,333.2402248,63.3177220821381,75.2970218658447,1215.70026397705,813.207836151123,眼跳,43.3679568061751
1163,333.241891466667,63.5817289352417,75.2970218658447,1220.76919555664,813.207836151123,眼跳,37.8492678719716
1164,333.243558133333,63.1771951913834,75.2970218658447,1213.00214767456,813.207836151123,眼跳,55.5005578902035
1165,333.2452248,63.0295991897583,74.1332292556763,1210.16830444336,800.638875961304,眼跳,55.4982480008527
1166,333.246891466667,61.3030433654785,74.1332292556763,1177.01843261719,800.638875961304,眼跳,51.8990259278435
1167,333.248558133333,61.3030433654785,74.1332292556763,1177.01843261719,800.638875961304,眼跳,55.5491177876059
1168,333.2502248,62.6707911491394,72.1692323684692,1203.27919006348,779.427709579468,眼跳,45.8588000416961
1169,333.251891466667,63.04931640625,72.1692323684692,1210.546875,779.427709579468,眼跳,55.6702302870653
1170,333.253558133333,63.0793750286102,72.2848296165466,1211.12400054932,780.676159858704,眼跳,41.1127895779407
1171,333.2552248,63.0793750286102,72.2848296165466,1211.12400054932,780.676159858704,眼跳,33.1307077679429
1172,333.256891466667,63.1433129310608,72.225821018219,1212.35160827637,780.038866996765,眼跳,48.1467779745519
1173,333.258558133333,63.0072891712189,71.7521667480469,1209.7399520874,774.923400878906,眼跳,48.1446295319
1174,333.2602248,63.3422751807504,72.5387638848689,1216.17168347041,783.418649956584,注视,21.4117805233064
1175,333.261891466667,63.3422751807504,72.5387638848689,1216.17168347041,783.418649956584,注视,16.0258444438719
1176,333.263558133333,63.3422751807504,72.5387638848689,1216.17168347041,783.418649956584,注视,6.8161366032567
1177,333.2652248,63.3422751807504,72.5387638848689,1216.17168347041,783.418649956584,注视,15.5381840636894
1178,333.266891466667,63.3422751807504,72.5387638848689,1216.17168347041,783.418649956584,注视,13.8911206713416
1179,333.268558133333,63.3422751807504,72.5387638848689,1216.17168347041,783.418649956584,注视,8.21537451838824
1180,333.2702248,63.3422751807504,72.5387638848689,1216.17168347041,783.418649956584,注视,6.72772730340829
1181,333.271891466667,63.3422751807504,72.5387638848689,1216.17168347041,783.418649956584,注视,7.78019189061502
1182,333.273558133333,63.3422751807504,72.5387638848689,1216.17168347041,783.418649956584,注视,14.3711012398262
1183,333.2752248,63.3422751807504,72.5387638848689,1216.17168347041,783.418649956584,注视,22.1209867179425
1184,333.276891466667,63.3422751807504,72.5387638848689,1216.17168347041,783.418649956584,注视,37.4285445684465
1185,333.278558133333,63.3422751807504,72.5387638848689,1216.17168347041,783.418649956584,注视,36.5730208247234
1186,333.2802248,63.3422751807504,72.5387638848689,1216.17168347041,783.418649956584,注视,35.6106108155868
1187,333.281891466667,63.3422751807504,72.5387638848689,1216.17168347041,783.418649956584,注视,30.6309461085942
1188,333.283558133333,63.3422751807504,72.5387638848689,1216.17168347041,783.418649956584,注视,12.438429445892
1189,333.2852248,63.3422751807504,72.5387638848689,1216.17168347041,783.418649956584,注视,6.04445351962421
1190,333.286891466667,63.3422751807504,72.5387638848689,1216.17168347041,783.418649956584,注视,9.06650170344992
1191,333.288558133333,63.3422751807504,72.5387638848689,1216.17168347041,783.418649956584,注视,8.14379070534211
1192,333.2902248,63.3422751807504,72.5387638848689,1216.17168347041,783.418649956584,注视,7.02396211721002
1193,333.291891466667,63.3422751807504,72.5387638848689,1216.17168347041,783.418649956584,注视,9.93016401788146
1194,333.293558133333,63.3422751807504,72.5387638848689,1216.17168347041,783.418649956584,注视,14.0501578424364
1195,333.2952248,63.3422751807504,72.5387638848689,1216.17168347041,783.418649956584,注视,27.827479227396
1196,333.296891466667,63.3422751807504,72.5387638848689,1216.17168347041,783.418649956584,注视,31.5282336349048
1197,333.298558133333,63.3422751807504,72.5387638848689,1216.17168347041,783.418649956584,注视,32.3004907455732
1198,333.3002248,63.3422751807504,72.5387638848689,1216.17168347041,783.418649956584,注视,28.9346089220151
1199,333.301891466667,63.3422751807504,72.5387638848689,1216.17168347041,783.418649956584,注视,23.8385241380228
1200,333.303558133333,63.3422751807504,72.5387638848689,1216.17168347041,783.418649956584,注视,23.909614154556
1201,333.3052248,63.3422751807504,72.5387638848689,1216.17168347041,783.418649956584,注视,25.5986574228097
1202,333.306891466667,63.3422751807504,72.5387638848689,1216.17168347041,783.418649956584,注视,17.69650114527
1203,333.308558133333,63.3422751807504,72.5387638848689,1216.17168347041,783.418649956584,注视,21.1779240210195
1204,333.3102248,63.3422751807504,72.5387638848689,1216.17168347041,783.418649956584,注视,11.5258748078008
1205,333.311891466667,63.3422751807504,72.5387638848689,1216.17168347041,783.418649956584,注视,7.61797656089431
1206,333.313558133333,63.3422751807504,72.5387638848689,1216.17168347041,783.418649956584,注视,7.3441988816427
1207,333.3152248,63.3422751807504,72.5387638848689,1216.17168347041,783.418649956584,注视,6.29956941901007
1208,333.316891466667,63.3422751807504,72.5387638848689,1216.17168347041,783.418649956584,注视,4.89556853151459
1209,333.318558133333,63.3422751807504,72.5387638848689,1216.17168347041,783.418649956584,注视,4.42675718999383
1210,333.3202248,63.3422751807504,72.5387638848689,1216.17168347041,783.418649956584,注视,2.80387636910721
1211,333.321891466667,63.3422751807504,72.5387638848689,1216.17168347041,783.418649956584,注视,2.48320892418606
1212,333.323558133333,63.3422751807504,72.5387638848689,1216.17168347041,783.418649956584,注视,1.39712183293105
1213,333.3252248,63.3422751807504,72.5387638848689,1216.17168347041,783.418649956584,注视,3.5684085671581
1214,333.326891466667,63.3422751807504,72.5387638848689,1216.17168347041,783.418649956584,注视,2.01753351459061
1215,333.328558133333,63.3422751807504,72.5387638848689,1216.17168347041,783.418649956584,注视,9.54223979416473
1216,333.3302248,63.3422751807504,72.5387638848689,1216.17168347041,783.418649956584,注视,8.80266500385926
1217,333.331891466667,63.3422751807504,72.5387638848689,1216.17168347041,783.418649956584,注视,5.94662733318837
1218,333.333558133333,63.3422751807504,72.5387638848689,1216.17168347041,783.418649956584,注视,5.94655102395098
1219,333.3352248,63.3422751807504,72.5387638848689,1216.17168347041,783.418649956584,注视,9.20946443323158
1220,333.336891466667,63.3422751807504,72.5387638848689,1216.17168347041,783.418649956584,注视,7.3931936044558
1221,333.338558133333,63.3422751807504,72.5387638848689,1216.17168347041,783.418649956584,注视,10.9706484169679
1222,333.3402248,63.3422751807504,72.5387638848689,1216.17168347041,783.418649956584,注视,1.71308129409173
1223,333.341891466667,63.3422751807504,72.5387638848689,1216.17168347041,783.418649956584,注视,7.94503025625292
1224,333.343558133333,63.3422751807504,72.5387638848689,1216.17168347041,783.418649956584,注视,6.6547038604701
1225,333.3452248,63.3422751807504,72.5387638848689,1216.17168347041,783.418649956584,注视,7.94513216148797
1226,333.346891466667,63.3422751807504,72.5387638848689,1216.17168347041,783.418649956584,注视,5.48829047840969
1227,333.348558133333,63.3422751807504,72.5387638848689,1216.17168347041,783.418649956584,注视,5.82867973973561
1228,333.3502248,63.3422751807504,72.5387638848689,1216.17168347041,783.418649956584,注视,4.72301237400962
1229,333.351891466667,63.3422751807504,72.5387638848689,1216.17168347041,783.418649956584,注视,2.68483500104031
1230,333.353558133333,63.3422751807504,72.5387638848689,1216.17168347041,783.418649956584,注视,4.71890726083149
1231,333.3552248,63.3422751807504,72.5387638848689,1216.17168347041,783.418649956584,注视,7.0246889996214
1232,333.356891466667,63.3422751807504,72.5387638848689,1216.17168347041,783.418649956584,注视,13.463976364237
1233,333.358558133333,63.3422751807504,72.5387638848689,1216.17168347041,783.418649956584,注视,13.3445694596585
1234,333.3602248,63.3422751807504,72.5387638848689,1216.17168347041,783.418649956584,注视,3.10215267148047
1235,333.361891466667,63.3422751807504,72.5387638848689,1216.17168347041,783.418649956584,注视,3.56076086265911
1236,333.363558133333,63.3422751807504,72.5387638848689,1216.17168347041,783.418649956584,注视,2.8073998636518
1237,333.3652248,63.3422751807504,72.5387638848689,1216.17168347041,783.418649956584,注视,2.80735933836266
1238,333.366891466667,63.3422751807504,72.5387638848689,1216.17168347041,783.418649956584,注视,1.98646119105602
1239,333.368558133333,63.3422751807504,72.5387638848689,1216.17168347041,783.418649956584,注视,2.64849236639449
1240,333.3702248,63.3422751807504,72.5387638848689,1216.17168347041,783.418649956584,注视,3.27296320430617
1241,333.371891466667,63.3422751807504,72.5387638848689,1216.17168347041,783.418649956584,注视,4.34446447513075
1242,333.373558133333,63.3422751807504,72.5387638848689,1216.17168347041,783.418649956584,注视,5.44862194566334
1243,333.3752248,63.3422751807504,72.5387638848689,1216.17168347041,783.418649956584,注视,2.96411687364351
1244,333.376891466667,63.3422751807504,72.5387638848689,1216.17168347041,783.418649956584,注视,3.25330526473985
1245,333.378558133333,63.3422751807504,72.5387638848689,1216.17168347041,783.418649956584,注视,3.73121912024026
1246,333.3802248,63.3422751807504,72.5387638848689,1216.17168347041,783.418649956584,注视,8.41611989886048
1247,333.381891466667,63.3422751807504,72.5387638848689,1216.17168347041,783.418649956584,注视,7.43273135801449
1248,333.383558133333,63.3422751807504,72.5387638848689,1216.17168347041,783.418649956584,注视,1.65968984055473
1249,333.3852248,63.3422751807504,72.5387638848689,1216.17168347041,783.418649956584,注视,2.15202403823547
1250,333.386891466667,63.3422751807504,72.5387638848689,1216.17168347041,783.418649956584,注视,0.953294806532518
1251,333.388558133333,63.3422751807504,72.5387638848689,1216.17168347041,783.418649956584,注视,1.1532569969468
1252,333.3902248,63.3422751807504,72.5387638848689,1216.17168347041,783.418649956584,注视,7.33790734419502
1253,333.391891466667,63.3422751807504,72.5387638848689,1216.17168347041,783.418649956584,注视,11.9892822122145
1254,333.393558133333,63.3422751807504,72.5387638848689,1216.17168347041,783.418649956584,注视,8.50315563723435
1255,333.3952248,63.3422751807504,72.5387638848689,1216.17168347041,783.418649956584,注视,3.50167662544512
1256,333.396891466667,63.3422751807504,72.5387638848689,1216.17168347041,783.418649956584,注视,6.50968375293546
1257,333.398558133333,63.3422751807504,72.5387638848689,1216.17168347041,783.418649956584,注视,4.38753452690889
1258,333.4002248,63.3422751807504,72.5387638848689,1216.17168347041,783.418649956584,注视,7.95036060477737
1259,333.401891466667,63.3422751807504,72.5387638848689,1216.17168347041,783.418649956584,注视,8.08339179319882
1260,333.403558133333,63.3422751807504,72.5387638848689,1216.17168347041,783.418649956584,注视,2.69861002285249
1261,333.4052248,63.3422751807504,72.5387638848689,1216.17168347041,783.418649956584,注视,3.96501028927262
1262,333.406891466667,63.3422751807504,72.5387638848689,1216.17168347041,783.418649956584,注视,1.65807987492792
1263,333.408558133333,63.3422751807504,72.5387638848689,1216.17168347041,783.418649956584,注视,1.88122729843422
1264,333.4102248,63.3422751807504,72.5387638848689,1216.17168347041,783.418649956584,注视,6.7128038979374
1265,333.411891466667,63.3422751807504,72.5387638848689,1216.17168347041,783.418649956584,注视,6.71281318969909
1266,333.413558133333,63.3422751807504,72.5387638848689,1216.17168347041,783.418649956584,注视,3.26096621129435
1267,333.4152248,63.3422751807504,72.5387638848689,1216.17168347041,783.418649956584,注视,3.79016129926818
1268,333.416891466667,63.3422751807504,72.5387638848689,1216.17168347041,783.418649956584,注视,5.30207351308994
1269,333.418558133333,63.3422751807504,72.5387638848689,1216.17168347041,783.418649956584,注视,2.54763673745749
1270,333.4202248,63.3422751807504,72.5387638848689,1216.17168347041,783.418649956584,注视,2.49723451185631
1271,333.421891466667,63.3422751807504,72.5387638848689,1216.17168347041,783.418649956584,注视,7.57376263248374
1272,333.423558133333,63.3422751807504,72.5387638848689,1216.17168347041,783.418649956584,注视,5.4038685655666
1273,333.4252248,63.3422751807504,72.5387638848689,1216.17168347041,783.418649956584,注视,6.41935318794712
1274,333.426891466667,63.3422751807504,72.5387638848689,1216.17168347041,783.418649956584,注视,4.83584360671051
1275,333.428558133333,63.3422751807504,72.5387638848689,1216.17168347041,783.418649956584,注视,4.83590493234743
1276,333.4302248,63.3422751807504,72.5387638848689,1216.17168347041,783.418649956584,注视,5.18911891602225
1277,333.431891466667,63.3422751807504,72.5387638848689,1216.17168347041,783.418649956584,注视,8.24100736133298
1278,333.433558133333,63.3422751807504,72.5387638848689,1216.17168347041,783.418649956584,注视,5.72992968042569
1279,333.4352248,63.3422751807504,72.5387638848689,1216.17168347041,783.418649956584,注视,7.4538480908058
1280,333.436891466667,63.3422751807504,72.5387638848689,1216.17168347041,783.418649956584,注视,3.77700754149624
1281,333.438558133333,63.3422751807504,72.5387638848689,1216.17168347041,783.418649956584,注视,6.43410476350879
1282,333.4402248,63.3422751807504,72.5387638848689,1216.17168347041,783.418649956584,注视,8.84920256129305
1283,333.441891466667,63.3422751807504,72.5387638848689,1216.17168347041,783.418649956584,注视,13.9185214590466
1284,333.443558133333,63.3422751807504,72.5387638848689,1216.17168347041,783.418649956584,注视,13.3825889142348
1285,333.4452248,63.3422751807504,72.5387638848689,1216.17168347041,783.418649956584,注视,2.53887687329663
1286,333.446891466667,63.3422751807504,72.5387638848689,1216.17168347041,783.418649956584,注视,0.784552080332689
1287,333.448558133333,63.3422751807504,72.5387638848689,1216.17168347041,783.418649956584,注视,1.47080971849044
1288,333.4502248,63.3422751807504,72.5387638848689,1216.17168347041,783.418649956584,注视,2.19306901058564
1289,333.451891466667,63.3422751807504,72.5387638848689,1216.17168347041,783.418649956584,注视,6.73487517906535
1290,333.453558133333,63.3422751807504,72.5387638848689,1216.17168347041,783.418649956584,注视,4.46829604476168
1291,333.4552248,63.3422751807504,72.5387638848689,1216.17168347041,783.418649956584,注视,4.56300907153434
1292,333.456891466667,63.3422751807504,72.5387638848689,1216.17168347041,783.418649956584,注视,8.70787628019498
1293,333.458558133333,63.3422751807504,72.5387638848689,1216.17168347041,783.418649956584,注视,8.73672265544474
1294,333.4602248,63.3422751807504,72.5387638848689,1216.17168347041,783.418649956584,注视,11.5633164613675
1295,333.461891466667,63.3422751807504,72.5387638848689,1216.17168347041,783.418649956584,注视,8.2735312640743
1296,333.463558133333,63.3422751807504,72.5387638848689,1216.17168347041,783.418649956584,注视,6.84056730682645
1297,333.4652248,63.3422751807504,72.5387638848689,1216.17168347041,783.418649956584,注视,2.80477424951221
1298,333.466891466667,63.3422751807504,72.5387638848689,1216.17168347041,783.418649956584,注视,2.76526265333634
1299,333.468558133333,63.3422751807504,72.5387638848689,1216.17168347041,783.418649956584,注视,3.88302120405215
1300,333.4702248,63.3422751807504,72.5387638848689,1216.17168347041,783.418649956584,注视,6.73182577488968
1301,333.471891466667,63.3422751807504,72.5387638848689,1216.17168347041,783.418649956584,注视,8.99119618026199
1302,333.473558133333,63.3422751807504,72.5387638848689,1216.17168347041,783.418649956584,注视,7.62708722492666
1303,333.4752248,63.3422751807504,72.5387638848689,1216.17168347041,783.418649956584,注视,5.62349063499008
1304,333.476891466667,63.3422751807504,72.5387638848689,1216.17168347041,783.418649956584,注视,7.03236563811939
1305,333.478558133333,63.3422751807504,72.5387638848689,1216.17168347041,783.418649956584,注视,8.05087762296978
1306,333.4802248,63.3422751807504,72.5387638848689,1216.17168347041,783.418649956584,注视,6.69851474283518
1307,333.481891466667,63.3422751807504,72.5387638848689,1216.17168347041,783.418649956584,注视,0.900859251118466
1308,333.483558133333,63.3422751807504,72.5387638848689,1216.17168347041,783.418649956584,注视,3.82967327151541
1309,333.4852248,63.3422751807504,72.5387638848689,1216.17168347041,783.418649956584,注视,8.21472279888717
1310,333.486891466667,63.3422751807504,72.5387638848689,1216.17168347041,783.418649956584,注视,7.76989969892471
1311,333.488558133333,63.3422751807504,72.5387638848689,1216.17168347041,783.418649956584,注视,6.17737668986416
1312,333.4902248,63.3422751807504,72.5387638848689,1216.17168347041,783.418649956584,注视,2.81550420233108
1313,333.491891466667,63.3422751807504,72.5387638848689,1216.17168347041,783.418649956584,注视,2.99154792669382
1314,333.493558133333,63.3422751807504,72.5387638848689,1216.17168347041,783.418649956584,注视,8.57066171905589
1315,333.4952248,63.3422751807504,72.5387638848689,1216.17168347041,783.418649956584,注视,15.9215575295208
1316,333.496891466667,63.3422751807504,72.5387638848689,1216.17168347041,783.418649956584,注视,24.8519590236162
1317,333.498558133333,63.3422751807504,72.5387638848689,1216.17168347041,783.418649956584,注视,27.2220119301194
1318,333.5002248,63.4194403886795,72.7911293506622,1217.65325546265,786.144196987152,眼跳,42.5351983954324
1319,333.501891466667,63.4194403886795,72.9160338640213,1217.65325546265,787.49316573143,眼跳,49.4392702342462
1320,333.503558133333,63.1569027900696,72.9160338640213,1212.61253356934,787.49316573143,眼跳,62.1866732935109
1321,333.5052248,62.8693908452988,73.1252729892731,1207.09230422974,789.752948284149,眼跳,79.1028572894091
1322,333.506891466667,62.541800737381,73.2888638973236,1200.80257415771,791.519730091095,眼跳,132.408801969778
1323,333.508558133333,62.482875585556,73.2888638973236,1199.67121124268,791.519730091095,眼跳,137.771987420856
1324,333.5102248,61.8704706430435,72.5683003664017,1187.91303634644,783.737643957138,眼跳,144.212816772782
1325,333.511891466667,61.5962147712708,72.2728461027145,1182.6473236084,780.546737909317,眼跳,175.78950250208
1326,333.513558133333,61.1015319824219,71.7807650566101,1173.1494140625,775.232262611389,眼跳,183.615822271466
1327,333.5152248,60.4676872491837,71.7507869005203,1160.97959518433,774.90849852562,眼跳,209.201105709129
1328,333.516891466667,58.4428817033768,71.332710981369,1122.10332870483,770.393278598785,眼跳,210.565933405329
1329,333.518558133333,58.2827687263489,70.8590000867844,1119.0291595459,765.277200937271,眼跳,244.551204933001
1330,333.5202248,58.1088006496429,70.1182872056961,1115.68897247314,757.277501821518,眼跳,243.766168214243
1331,333.521891466667,57.0395797491074,69.1596120595932,1095.15993118286,746.923810243607,眼跳,257.32179957342
1332,333.523558133333,56.5433889627457,68.7657505273819,1085.63306808472,742.670105695724,眼跳,268.943419520528
1333,333.5252248,55.3674638271332,68.3074742555618,1063.05530548096,737.720721960068,眼跳,285.744709698022
1334,333.526891466667,55.2515149116516,67.3077583312988,1060.82908630371,726.923789978027,眼跳,253.231436128855
1335,333.528558133333,53.8641452789307,67.0577794313431,1034.19158935547,724.224017858505,眼跳,264.597242811111
1336,333.5302248,53.1680226325989,66.9811844825745,1020.8260345459,723.396792411804,眼跳,276.702261766861
1337,333.531891466667,52.48102247715,66.0995811223984,1007.63563156128,713.875476121902,眼跳,279.456348827803
1338,333.533558133333,51.6691476106644,64.9901032447815,992.047634124756,701.89311504364,眼跳,314.757119998031
1339,333.5352248,50.5695462226868,64.1039043664932,970.935287475586,692.322167158127,眼跳,296.891678749129
1340,333.536891466667,50.251692533493,62.6235693693161,964.832496643066,676.334549188614,眼跳,297.962646281722
1341,333.538558133333,49.4636237621307,62.6235693693161,949.70157623291,676.334549188614,眼跳,287.83282586314
1342,333.5402248,48.7436980009079,62.0675563812256,935.879001617432,670.329608917236,眼跳,273.921407760205
1343,333.541891466667,47.4360153079033,61.7099165916443,910.771493911743,666.467099189758,眼跳,270.996056329924
1344,333.543558133333,45.8131238818169,60.1222932338715,879.611978530884,649.320766925812,眼跳,257.457961552104
1345,333.5452248,45.2781498432159,60.0874245166779,869.340476989746,648.944184780121,眼跳,225.322655968525
1346,333.546891466667,45.1904430985451,58.8354587554932,867.656507492065,635.422954559326,眼跳,215.325399347353
1347,333.548558133333,44.330832362175,58.2526922225952,851.15198135376,629.129076004028,眼跳,195.028916276553
1348,333.5502248,44.2041337490082,58.2526922225952,848.719367980957,629.129076004028,眼跳,190.97912872505
1349,333.551891466667,43.3720260858536,58.3398342132568,832.742900848389,630.070209503174,眼跳,142.414291349033
1350,333.553558133333,42.6644742488861,59.1489940881729,819.157905578613,638.809136152267,眼跳,108.120003781466
1351,333.5552248,42.6644742488861,59.1489940881729,819.157905578613,638.809136152267,眼跳,82.7850067736842
1352,333.556891466667,42.6644742488861,58.0072164535522,819.157905578613,626.477937698364,眼跳,89.7701626248742
1353,333.558558133333,42.6833972334862,58.0072164535522,819.521226882935,626.477937698364,眼跳,48.8097884797237
1354,333.5602248,42.0796245336533,57.6998084783554,807.928791046143,623.157931566238,眼跳,40.7510818893511
1355,333.561891466667,42.6768317818642,57.6024800539017,819.395170211792,622.106784582138,Gap,17.6970660345999
1356,333.563558133333,42.0796245336533,57.4996799230576,807.928791046143,620.996543169022,Gap,14.7896741307414
1357,333.5652248,42.5403922796249,57.6024800539017,816.775531768799,622.106784582138,Gap,15.0258628065909
1358,333.566891466667,41.9357374310493,57.5625479221344,805.166158676147,621.675517559052,Gap,9.27733033437514
1359,333.568558133333,42.5403922796249,57.7586054801941,816.775531768799,623.792939186096,Gap,10.8723440459083
1360,333.5702248,42.658631503582,57.8019842505455,819.045724868774,624.261429905891,Gap,33.6854874899191
1361,333.571891466667,42.7768707275391,57.8453630208969,821.31591796875,624.729920625687,Gap,24.8289411860353
1362,333.573558133333,42.7172154188156,58.1746429204941,820.17053604126,628.286143541336,Gap,29.6755677886913
1363,333.5752248,42.7768707275391,58.1746429204941,821.31591796875,628.286143541336,Gap,20.0209585550041
1364,333.576891466667,42.822302877903,58.4105804562569,822.188215255737,630.834268927574,Gap,40.1997181419538
1365,333.578558133333,42.8677350282669,58.6465179920197,823.060512542725,633.382394313812,Gap,25.6791754070738
1366,333.5802248,43.0501699447632,59.1030478477478,826.563262939453,638.312916755676,Gap,27.3856312833647
1367,333.581891466667,42.997657507658,58.9074820280075,825.555024147034,636.200805902481,Gap,33.3767422212473
1368,333.583558133333,42.9451450705528,58.7119162082672,824.546785354614,634.088695049286,Gap,27.2058230972647
1369,333.5852248,42.9451450705528,58.7119162082672,824.546785354614,634.088695049286,Gap,23.1791288458189
1370,333.586891466667,43.2530328631401,58.8097512722015,830.45823097229,635.145313739777,Gap,17.213512363817
1371,333.588558133333,43.2794854044914,58.8295489549637,830.966119766235,635.359128713608,Gap,17.308417980995
1372,333.5902248,43.2993575930595,59.2422187328339,831.347665786743,639.815962314606,Gap,11.4053526366119
1373,333.591891466667,43.5192137956619,59.611451625824,835.568904876709,643.803677558899,Gap,19.0754307290498
1374,333.593558133333,43.5192137956619,59.2668682336807,835.568904876709,640.082176923752,Gap,25.6088418227548
1375,333.5952248,43.3360129594803,59.3388497829437,832.051448822021,640.859577655792,眼跳,38.156594295396
1376,333.596891466667,44.2870215028524,60.2925591170788,850.310812854767,651.159638464451,注视,24.5277087091901
1377,333.598558133333,44.2870215028524,60.2925591170788,850.310812854767,651.159638464451,注视,29.4606106270674
1378,333.6002248,44.2870215028524,60.2925591170788,850.310812854767,651.159638464451,注视,21.5305472951684
1379,333.601891466667,44.2870215028524,60.2925591170788,850.310812854767,651.159638464451,注视,14.3857238001444
1380,333.603558133333,44.2870215028524,60.2925591170788,850.310812854767,651.159638464451,注视,16.7807995153965
1381,333.6052248,44.2870215028524,60.2925591170788,850.310812854767,651.159638464451,注视,19.8705848957665
1382,333.606891466667,44.2870215028524,60.2925591170788,850.310812854767,651.159638464451,注视,22.4881349006835
1383,333.608558133333,44.2870215028524,60.2925591170788,850.310812854767,651.159638464451,注视,24.5326887638111
1384,333.6102248,44.2870215028524,60.2925591170788,850.310812854767,651.159638464451,注视,22.2111050808159
1385,333.611891466667,44.2870215028524,60.2925591170788,850.310812854767,651.159638464451,注视,12.6730484938895
1386,333.613558133333,44.2870215028524,60.2925591170788,850.310812854767,651.159638464451,注视,8.85496911189449
1387,333.6152248,44.2870215028524,60.2925591170788,850.310812854767,651.159638464451,注视,6.50226542454141
1388,333.616891466667,44.2870215028524,60.2925591170788,850.310812854767,651.159638464451,注视,5.56830892332746
1389,333.618558133333,44.2870215028524,60.2925591170788,850.310812854767,651.159638464451,注视,7.00697283169541
1390,333.6202248,44.2870215028524,60.2925591170788,850.310812854767,651.159638464451,注视,9.9813185688653
1391,333.621891466667,44.2870215028524,60.2925591170788,850.310812854767,651.159638464451,注视,8.48182139236078
1392,333.623558133333,44.2870215028524,60.2925591170788,850.310812854767,651.159638464451,注视,10.009604992878
1393,333.6252248,44.2870215028524,60.2925591170788,850.310812854767,651.159638464451,注视,9.27790153517838
1394,333.626891466667,44.2870215028524,60.2925591170788,850.310812854767,651.159638464451,注视,8.58877678359337
1395,333.628558133333,44.2870215028524,60.2925591170788,850.310812854767,651.159638464451,注视,4.36193956995091
1396,333.6302248,44.2870215028524,60.2925591170788,850.310812854767,651.159638464451,注视,3.62806698976289
1397,333.631891466667,44.2870215028524,60.2925591170788,850.310812854767,651.159638464451,注视,1.94376482223949
1398,333.633558133333,44.2870215028524,60.2925591170788,850.310812854767,651.159638464451,注视,3.84559718673934
1399,333.6352248,44.2870215028524,60.2925591170788,850.310812854767,651.159638464451,注视,4.4114688449875
1400,333.636891466667,44.2870215028524,60.2925591170788,850.310812854767,651.159638464451,注视,3.47939808184252
1401,333.638558133333,44.2870215028524,60.2925591170788,850.310812854767,651.159638464451,注视,7.16234222313461
1402,333.6402248,44.2870215028524,60.2925591170788,850.310812854767,651.159638464451,注视,3.50868534729006
1403,333.641891466667,44.2870215028524,60.2925591170788,850.310812854767,651.159638464451,注视,3.66381355509663
1404,333.643558133333,44.2870215028524,60.2925591170788,850.310812854767,651.159638464451,注视,1.92366252276039
1405,333.6452248,44.2870215028524,60.2925591170788,850.310812854767,651.159638464451,注视,0.89207151079783
1406,333.646891466667,44.2870215028524,60.2925591170788,850.310812854767,651.159638464451,注视,2.18028387500966
1407,333.648558133333,44.2870215028524,60.2925591170788,850.310812854767,651.159638464451,注视,5.98792922175318
1408,333.6502248,44.2870215028524,60.2925591170788,850.310812854767,651.159638464451,注视,8.25453309369783
1409,333.651891466667,44.2870215028524,60.2925591170788,850.310812854767,651.159638464451,注视,11.2296662717286
1410,333.653558133333,44.2870215028524,60.2925591170788,850.310812854767,651.159638464451,注视,8.96600354868393
1411,333.6552248,44.2870215028524,60.2925591170788,850.310812854767,651.159638464451,注视,4.97909748201355
1412,333.656891466667,44.2870215028524,60.2925591170788,850.310812854767,651.159638464451,注视,4.97923930414034
1413,333.658558133333,44.2870215028524,60.2925591170788,850.310812854767,651.159638464451,注视,2.47461976649363
1414,333.6602248,44.2870215028524,60.2925591170788,850.310812854767,651.159638464451,注视,4.27819464279712
1415,333.661891466667,44.2870215028524,60.2925591170788,850.310812854767,651.159638464451,注视,5.48134028956861
1416,333.663558133333,44.2870215028524,60.2925591170788,850.310812854767,651.159638464451,注视,6.31922028786419
1417,333.6652248,44.2870215028524,60.2925591170788,850.310812854767,651.159638464451,注视,5.43428673439404
1418,333.666891466667,44.2870215028524,60.2925591170788,850.310812854767,651.159638464451,注视,3.57844921946935
1419,333.668558133333,44.2870215028524,60.2925591170788,850.310812854767,651.159638464451,注视,1.74620152106878
1420,333.6702248,44.2870215028524,60.2925591170788,850.310812854767,651.159638464451,注视,1.6329284641648
1421,333.671891466667,44.2870215028524,60.2925591170788,850.310812854767,651.159638464451,注视,5.60174150770872
1422,333.673558133333,44.2870215028524,60.2925591170788,850.310812854767,651.159638464451,注视,2.33128830527163
1423,333.6752248,44.2870215028524,60.2925591170788,850.310812854767,651.159638464451,注视,2.47912202940166
1424,333.676891466667,44.2870215028524,60.2925591170788,850.310812854767,651.159638464451,注视,5.56346033747352
1425,333.678558133333,44.2870215028524,60.2925591170788,850.310812854767,651.159638464451,注视,5.02490072513933
1426,333.6802248,44.2870215028524,60.2925591170788,850.310812854767,651.159638464451,注视,3.71330707557293
1427,333.681891466667,44.2870215028524,60.2925591170788,850.310812854767,651.159638464451,注视,2.45328444890436
1428,333.683558133333,44.2870215028524,60.2925591170788,850.310812854767,651.159638464451,注视,2.58997344406573
1429,333.6852248,44.2870215028524,60.2925591170788,850.310812854767,651.159638464451,注视,2.48049801716792
1430,333.686891466667,44.2870215028524,60.2925591170788,850.310812854767,651.159638464451,注视,4.43244242386888
1431,333.688558133333,44.2870215028524,60.2925591170788,850.310812854767,651.159638464451,注视,5.18570757012618
1432,333.6902248,44.2870215028524,60.2925591170788,850.310812854767,651.159638464451,注视,5.16930457399012
1433,333.691891466667,44.2870215028524,60.2925591170788,850.310812854767,651.159638464451,注视,6.58498698170657
1434,333.693558133333,44.2870215028524,60.2925591170788,850.310812854767,651.159638464451,注视,6.47008183752285
1435,333.6952248,44.2870215028524,60.2925591170788,850.310812854767,651.159638464451,注视,4.48381414706199
1436,333.696891466667,44.2870215028524,60.2925591170788,850.310812854767,651.159638464451,注视,3.5916014513509
1437,333.698558133333,44.2870215028524,60.2925591170788,850.310812854767,651.159638464451,注视,3.86392165607342
1438,333.7002248,44.2870215028524,60.2925591170788,850.310812854767,651.159638464451,注视,5.30408069806715
1439,333.701891466667,44.2870215028524,60.2925591170788,850.310812854767,651.159638464451,注视,4.82087384018988
1440,333.703558133333,44.2870215028524,60.2925591170788,850.310812854767,651.159638464451,注视,8.05450492954447
1441,333.7052248,44.2870215028524,60.2925591170788,850.310812854767,651.159638464451,注视,4.68989146127119
1442,333.706891466667,44.2870215028524,60.2925591170788,850.310812854767,651.159638464451,注视,1.60882276480236
1443,333.708558133333,44.2870215028524,60.2925591170788,850.310812854767,651.159638464451,注视,1.98964608317837
1444,333.7102248,44.2870215028524,60.2925591170788,850.310812854767,651.159638464451,注视,3.43298467014513
1445,333.711891466667,44.2870215028524,60.2925591170788,850.310812854767,651.159638464451,注视,9.78401740534569
1446,333.713558133333,44.2870215028524,60.2925591170788,850.310812854767,651.159638464451,注视,7.84012340016694
1447,333.7152248,44.2870215028524,60.2925591170788,850.310812854767,651.159638464451,注视,8.31944953530325
1448,333.716891466667,44.2870215028524,60.2925591170788,850.310812854767,651.159638464451,注视,6.51891539368512
1449,333.718558133333,44.2870215028524,60.2925591170788,850.310812854767,651.159638464451,注视,2.3141431883268
1450,333.7202248,44.2870215028524,60.2925591170788,850.310812854767,651.159638464451,注视,4.57574721660392
1451,333.721891466667,44.2870215028524,60.2925591170788,850.310812854767,651.159638464451,注视,4.70524000659601
1452,333.723558133333,44.2870215028524,60.2925591170788,850.310812854767,651.159638464451,注视,5.50494419582337
1453,333.7252248,44.2870215028524,60.2925591170788,850.310812854767,651.159638464451,注视,5.63367004158254
1454,333.726891466667,44.2870215028524,60.2925591170788,850.310812854767,651.159638464451,注视,3.0638763523812
1455,333.728558133333,44.2870215028524,60.2925591170788,850.310812854767,651.159638464451,注视,3.75108366216287
1456,333.7302248,44.2870215028524,60.2925591170788,850.310812854767,651.159638464451,注视,2.78590150111786
1457,333.731891466667,44.2870215028524,60.2925591170788,850.310812854767,651.159638464451,注视,8.25869474115951
1458,333.733558133333,44.2870215028524,60.2925591170788,850.310812854767,651.159638464451,注视,7.40872250693823
1459,333.7352248,44.2870215028524,60.2925591170788,850.310812854767,651.159638464451,注视,7.70373545840758
1460,333.736891466667,44.2870215028524,60.2925591170788,850.310812854767,651.159638464451,注视,5.59159504286249
1461,333.738558133333,44.2870215028524,60.2925591170788,850.310812854767,651.159638464451,注视,4.92321864690638
1462,333.7402248,44.2870215028524,60.2925591170788,850.310812854767,651.159638464451,注视,4.17747256787575
1463,333.741891466667,44.2870215028524,60.2925591170788,850.310812854767,651.159638464451,注视,7.08136337006777
1464,333.743558133333,44.2870215028524,60.2925591170788,850.310812854767,651.159638464451,注视,5.96819541973727
1465,333.7452248,44.2870215028524,60.2925591170788,850.310812854767,651.159638464451,注视,7.99763710648456
1466,333.746891466667,44.2870215028524,60.2925591170788,850.310812854767,651.159638464451,注视,3.03018810193613
1467,333.748558133333,44.2870215028524,60.2925591170788,850.310812854767,651.159638464451,注视,1.36245859243144
1468,333.7502248,44.2870215028524,60.2925591170788,850.310812854767,651.159638464451,注视,4.33623066537638
1469,333.751891466667,44.2870215028524,60.2925591170788,850.310812854767,651.159638464451,注视,1.63276796486269
1470,333.753558133333,44.2870215028524,60.2925591170788,850.310812854767,651.159638464451,注视,6.85584544181177
1471,333.7552248,44.2870215028524,60.2925591170788,850.310812854767,651.159638464451,注视,3.53855873158576
1472,333.756891466667,44.2870215028524,60.2925591170788,850.310812854767,651.159638464451,注视,12.9132721155968
1473,333.758558133333,44.2870215028524,60.2925591170788,850.310812854767,651.159638464451,注视,13.1307847063062
1474,333.7602248,44.2870215028524,60.2925591170788,850.310812854767,651.159638464451,注视,18.7875701442855
1475,333.761891466667,44.2870215028524,60.2925591170788,850.310812854767,651.159638464451,注视,19.3348461179893
1476,333.763558133333,44.4577991962433,60.7300639152527,853.589744567871,655.884690284729,眼跳,43.104019236638
1477,333.7652248,44.4367781281471,60.7120484113693,853.186140060425,655.690122842789,眼跳,55.8606504393603
1478,333.766891466667,44.0279498696327,60.7300639152527,845.336637496948,655.884690284729,眼跳,68.64970761527
1479,333.768558133333,44.0279498696327,61.0006958246231,845.336637496948,658.80751490593,眼跳,93.5243307946919
1480,333.7702248,44.2529797554016,61.4940941333771,849.657211303711,664.136216640472,眼跳,117.25661917442
1481,333.771891466667,44.5296719670296,61.4940941333771,854.969701766968,664.136216640472,眼跳,147.33895528763
1482,333.773558133333,45.9488317370415,61.0918045043945,882.217569351196,659.791488647461,眼跳,169.635316448271
1483,333.7752248,46.5249687433243,61.0918045043945,893.279399871826,659.791488647461,眼跳,173.348176178597
1484,333.776891466667,47.0413655042648,61.0918045043945,903.194217681885,659.791488647461,眼跳,207.74175381695
1485,333.778558133333,47.9788333177567,60.5241775512695,921.193599700928,653.661117553711,眼跳,240.992347897443
1486,333.7802248,48.6565291881561,58.5244834423065,934.205360412598,632.06442117691,眼跳,242.48411397371
1487,333.781891466667,49.7228384017944,58.0691307783127,954.678497314453,627.146612405777,眼跳,235.233009241017
1488,333.783558133333,50.3076359629631,56.5812617540359,965.906610488892,611.077626943588,眼跳,204.144975284972
1489,333.7852248,50.3658384084702,56.2598764896393,967.024097442627,607.606666088104,眼跳,212.276915399857
1490,333.786891466667,51.1092275381088,55.2956908941269,981.297168731689,597.19346165657,眼跳,218.031224246681
1491,333.788558133333,52.3436218500137,55.1223456859589,1004.99753952026,595.321333408356,眼跳,214.391982391675
1492,333.7902248,52.3436218500137,54.472279548645,1004.99753952026,588.300619125366,眼跳,193.570550925238
1493,333.791891466667,52.0745277404785,53.6761522293091,999.830932617188,579.702444076538,眼跳,168.808986617234
1494,333.793558133333,52.0745277404785,53.1612247228622,999.830932617188,574.141227006912,眼跳,159.469496399627
1495,333.7952248,52.9294043779373,52.9270559549332,1016.2445640564,571.612204313278,眼跳,169.012069335792
1496,333.796891466667,53.0852437019348,51.519900560379,1019.23667907715,556.414926052094,眼跳,139.535295749143
1497,333.798558133333,53.5874634981155,50.4831194877625,1028.87929916382,545.217690467834,眼跳,121.517419242925
1498,333.8002248,54.2410790920258,50.4831194877625,1041.42871856689,545.217690467834,眼跳,116.137025976863
1499,333.801891466667,54.2410790920258,50.3452926874161,1041.42871856689,543.729161024094,眼跳,118.223857033111
1500,333.803558133333,54.30868268013,48.8233119249344,1042.7267074585,527.291768789291,眼跳,109.46595575453
1501,333.8052248,54.4533610343933,47.7972894906998,1045.50453186035,516.210726499557,眼跳,112.783392756075
1502,333.806891466667,54.7967731952667,48.8233119249344,1052.09804534912,527.291768789291,眼跳,113.061021164646
