Data Info
Recording,记录001
Subject,被试001
Frequency(Hz),600
Duration(s),2.5043023
Resolution(px),1920,1080
Create Date,2025-01-03 12:26:16.638

Pupils Process Parameters
Interpolation
Method,Linear
Min pupil diameter (mm),2
Noise Reduction
Method,Enabled,滑动中值滤波
Window size (samples),Enabled,3

Pupil Data
Id,Time(s),LeftPupilDiameter(mm),RightPupilDiameter(mm),AveragePupilDiameter(mm),LeftPupilRadius(mm),RightPupilRadius(mm),AveragePupilRadius(mm),LeftPupilArea(mm²),RightPupilArea(mm²),AveragePupilArea(mm²)
1,211.0701584,2.66496276855469,2.46389770507813,2.56443023681641,1.33248138427734,1.23194885253906,1.2822151184082,5.57791861488241,4.7679888094836,5.16501585792808
2,211.071825066667,2.65975952148438,2.46574401855469,2.56275177001953,1.32987976074219,1.23287200927734,1.28137588500977,5.55615849458891,4.77513723963298,5.15825687467502
3,211.073491733333,2.66378784179688,2.45745849609375,2.56062316894531,1.33189392089844,1.22872924804688,1.28031158447266,5.57300132205742,4.74309982359172,5.14969161965776
4,211.0751584,2.66378784179688,2.46220397949219,2.56299591064453,1.33189392089844,1.23110198974609,1.28149795532227,5.57300132205742,4.76143586781871,5.15923972448323
5,211.076825066667,2.66416931152344,2.45689392089844,2.56053161621094,1.33208465576172,1.22844696044922,1.28026580810547,5.57459760797771,4.74092071952043,5.14932338123344
6,211.078491733333,2.66416931152344,2.46220397949219,2.56318664550781,1.33208465576172,1.23110198974609,1.28159332275391,5.57459760797771,4.76143586781871,5.16000764104146
7,211.0801584,2.66952514648438,2.46406555175781,2.56679534912109,1.33476257324219,1.23203277587891,1.28339767456055,5.5970335960581,4.76863844550355,5.17454739095469
8,211.081825066667,2.67124938964844,2.46412658691406,2.56768798828125,1.33562469482422,1.23206329345703,1.28384399414063,5.60426616594081,4.76887468775542,5.17814705993535
9,211.083491733333,2.6728515625,2.46412658691406,2.56848907470703,1.33642578125,1.23206329345703,1.28424453735352,5.61099088125219,4.76887468775542,5.18137859774188
10,211.0851584,2.67124938964844,2.45901489257813,2.56513214111328,1.33562469482422,1.22950744628906,1.28256607055664,5.60426616594081,4.74910967612049,5.16784365407143
11,211.086825066667,2.66522216796875,2.45783996582031,2.56153106689453,1.33261108398438,1.22891998291016,1.28076553344727,5.57900454317854,4.74457247464784,5.15334403003532
12,211.088491733333,2.66096496582031,2.45783996582031,2.55940246582031,1.33048248291016,1.22891998291016,1.27970123291016,5.56119591054322,4.74457247464784,5.14478285655951
13,211.0901584,2.65995788574219,2.45718383789063,2.55857086181641,1.32997894287109,1.22859191894531,1.2792854309082,5.55698727955685,4.74203965636864,5.14144010214322
14,211.091825066667,2.65995788574219,2.45193481445313,2.55594635009766,1.32997894287109,1.22596740722656,1.27797317504883,5.55698727955685,4.72180145455488,5.13089761592064
15,211.093491733333,2.663330078125,2.45137023925781,2.55735015869141,1.3316650390625,1.22568511962891,1.2786750793457,5.57108608067993,4.71962724906478,5.1365352742946
16,211.0951584,2.66844177246094,2.45137023925781,2.55990600585938,1.33422088623047,1.22568511962891,1.27995300292969,5.59249162693542,4.71962724906478,5.14680743771429
17,211.096825066667,2.66844177246094,2.46353149414063,2.56598663330078,1.33422088623047,1.23176574707031,1.28299331665039,5.59249162693542,4.76657157541011,5.17128723303032
18,211.098491733333,2.66844177246094,2.46484375,2.56664276123047,1.33422088623047,1.232421875,1.28332138061523,5.59249162693542,4.77165097254168,5.17393218818617
19,211.1001584,2.67073059082031,2.46484375,2.56778717041016,1.33536529541016,1.232421875,1.28389358520508,5.60208950329693,4.77165097254168,5.17854710041579
20,211.101825066667,2.67095947265625,2.46072387695313,2.56584167480469,1.33547973632813,1.23036193847656,1.28292083740234,5.60304974352336,4.75571311278013,5.17070297367643
21,211.103491733333,2.67428588867188,2.45988464355469,2.56708526611328,1.33714294433594,1.22994232177734,1.28354263305664,5.61701452324677,4.75246978042518,5.17571637697337
22,211.1051584,2.67428588867188,2.46072387695313,2.5675048828125,1.33714294433594,1.23036193847656,1.28375244140625,5.61701452324677,4.75571311278013,5.17740856425976
23,211.106825066667,2.65693664550781,2.46418762207031,2.56056213378906,1.32846832275391,1.23209381103516,1.28028106689453,5.54437094530445,4.76911093585895,5.14944612591196
24,211.108491733333,2.65693664550781,2.46418762207031,2.56056213378906,1.32846832275391,1.23209381103516,1.28028106689453,5.54437094530445,4.76911093585895,5.14944612591196
25,211.1101584,2.65724182128906,2.46418762207031,2.56071472167969,1.32862091064453,1.23209381103516,1.28035736083984,5.54564467150312,4.76911093585895,5.15005987124835
26,211.111825066667,2.65724182128906,2.46876525878906,2.56300354003906,1.32862091064453,1.23438262939453,1.28150177001953,5.54564467150312,4.78684622089048,5.15927044004837
27,211.113491733333,2.65724182128906,2.46919250488281,2.56321716308594,1.32862091064453,1.23459625244141,1.28160858154297,5.54564467150312,4.78850319359004,5.16013051299386
28,211.1151584,2.66152954101563,2.46876525878906,2.56514739990234,1.33076477050781,1.23438262939453,1.28257369995117,5.56355599147863,4.78684622089048,5.16790513649528
29,211.116825066667,2.66757202148438,2.46485900878906,2.56621551513672,1.33378601074219,1.23242950439453,1.28310775756836,5.58884659153936,4.77171005120826,5.17220981500241
30,211.118491733333,2.66506958007813,2.46139526367188,2.563232421875,1.33253479003906,1.23069763183594,1.2816162109375,5.57836574902734,4.75830857522299,5.16019194951865
31,211.1201584,2.66506958007813,2.46139526367188,2.563232421875,1.33253479003906,1.23069763183594,1.2816162109375,5.57836574902734,4.75830857522299,5.16019194951865
32,211.121825066667,2.65934753417969,2.46212768554688,2.56073760986328,1.32967376708984,1.23106384277344,1.28036880493164,5.55443736945714,4.76114079632779,5.15015193620322
33,211.123491733333,2.65934753417969,2.46577453613281,2.56256103515625,1.32967376708984,1.23288726806641,1.28128051757813,5.55443736945714,4.77525544048795,5.15748908840792
34,211.1251584,2.65934753417969,2.46212768554688,2.56073760986328,1.32967376708984,1.23106384277344,1.28036880493164,5.55443736945714,4.76114079632779,5.15015193620322
35,211.126825066667,2.66848754882813,2.46412658691406,2.56630706787109,1.33424377441406,1.23206329345703,1.28315353393555,5.5926835038193,4.76887468775542,5.17257887083221
36,211.128491733333,2.66452026367188,2.46412658691406,2.56432342529297,1.33226013183594,1.23206329345703,1.28216171264648,5.57606639290707,4.76887468775542,5.16458560896649
37,211.1301584,2.66452026367188,2.46527099609375,2.56489562988281,1.33226013183594,1.23263549804688,1.28244781494141,5.57606639290707,4.77330531345162,5.16689072326947
38,211.131825066667,2.66377258300781,2.46527099609375,2.56452178955078,1.33188629150391,1.23263549804688,1.28226089477539,5.5729374753751,4.77330531345162,5.16538465701576
39,211.133491733333,2.66377258300781,2.46078491210938,2.56227874755859,1.33188629150391,1.23039245605469,1.2811393737793,5.5729374753751,4.75594903465294,5.15635286960556
40,211.1351584,2.6748046875,2.46078491210938,2.56779479980469,1.33740234375,1.23039245605469,1.28389739990234,5.61919408319991,4.75594903465294,5.17857787340046
41,211.136825066667,2.6748046875,2.46543884277344,2.57012176513672,1.33740234375,1.23271942138672,1.28506088256836,5.61919408319991,4.77395531154379,5.18796790041849
42,211.138491733333,2.67404174804688,2.46543884277344,2.56974029541016,1.33702087402344,1.23271942138672,1.28487014770508,5.61598899426652,4.77395531154379,5.18642796884559
43,211.1401584,2.65966796875,2.46430969238281,2.56198883056641,1.329833984375,1.23215484619141,1.2809944152832,5.55577599929645,4.76958344962105,5.15518607247806
44,211.141825066667,2.65966796875,2.46359252929688,2.56163024902344,1.329833984375,1.23179626464844,1.28081512451172,5.55577599929645,4.76680776645985,5.15374311129865
45,211.143491733333,2.66622924804688,2.46430969238281,2.56526947021484,1.33311462402344,1.23215484619141,1.28263473510742,5.58322150182608,4.76958344962105,5.16839700905231
46,211.1451584,2.66622924804688,2.46937561035156,2.56780242919922,1.33311462402344,1.23468780517578,1.28390121459961,5.58322150182608,4.78921341252208,5.17860864647657
47,211.146825066667,2.67527770996094,2.47135925292969,2.57331848144531,1.33763885498047,1.23567962646484,1.28665924072266,5.62118169751202,4.79691082663599,5.20088151073363
48,211.148491733333,2.66909790039063,2.47361755371094,2.57135772705078,1.33454895019531,1.23680877685547,1.28567886352539,5.5952421767983,4.80568156033797,5.19295884879153
49,211.1501584,2.66909790039063,2.47361755371094,2.57135772705078,1.33454895019531,1.23680877685547,1.28567886352539,5.5952421767983,4.80568156033797,5.19295884879153
50,211.151825066667,2.66909790039063,2.47138977050781,2.57024383544922,1.33454895019531,1.23569488525391,1.28512191772461,5.5952421767983,4.79702929666789,5.18846072679812
51,211.153491733333,2.67581176757813,2.47041320800781,2.57311248779297,1.33790588378906,1.23520660400391,1.28655624389648,5.62342620060459,4.79323898125461,5.20004888491999
52,211.1551584,2.67581176757813,2.46731567382813,2.57156372070313,1.33790588378906,1.23365783691406,1.28578186035156,5.62342620060459,4.78122648600596,5.19379090681008
53,211.156825066667,2.67414855957031,2.46731567382813,2.57073211669922,1.33707427978516,1.23365783691406,1.28536605834961,5.6164376516749,4.78122648600596,5.19043226638351
54,211.158491733333,2.67414855957031,2.47401428222656,2.57408142089844,1.33707427978516,1.23700714111328,1.28704071044922,5.6164376516749,4.80722319218741,5.203965890639
55,211.1601584,2.67500305175781,2.47401428222656,2.57450866699219,1.33750152587891,1.23700714111328,1.28725433349609,5.62002755608883,4.80722319218741,5.20569354276265
56,211.161825066667,2.68003845214844,2.48300170898438,2.58152008056641,1.34001922607422,1.24150085449219,1.2907600402832,5.64120564326974,4.8422133229468,5.23408651099803
57,211.163491733333,2.68003845214844,2.47013854980469,2.57508850097656,1.34001922607422,1.23506927490234,1.28754425048828,5.64120564326974,4.79217322495301,5.2080386721267
58,211.1651584,2.67140197753906,2.47013854980469,2.57077026367188,1.33570098876953,1.23506927490234,1.28538513183594,5.60490644129656,4.79217322495301,5.19058630868571
59,211.166825066667,2.67140197753906,2.46989440917969,2.57064819335938,1.33570098876953,1.23494720458984,1.28532409667969,5.60490644129656,4.79122598549668,5.19009338136474
60,211.168491733333,2.67317199707031,2.46989440917969,2.571533203125,1.33658599853516,1.23494720458984,1.2857666015625,5.61233630817462,4.79122598549668,5.19366763474959
61,211.1701584,2.67338562011719,2.47097778320313,2.57218170166016,1.33669281005859,1.23548889160156,1.28609085083008,5.61323334905998,4.79543007467101,5.19628748079098
62,211.171825066667,2.67338562011719,2.47097778320313,2.57218170166016,1.33669281005859,1.23548889160156,1.28609085083008,5.61323334905998,4.79543007467101,5.19628748079098
63,211.173491733333,2.66969299316406,2.47044372558594,2.570068359375,1.33484649658203,1.23522186279297,1.2850341796875,5.59773744635915,4.79335740593604,5.18775229623772
64,211.1751584,2.66969299316406,2.46897888183594,2.5693359375,1.33484649658203,1.23448944091797,1.28466796875,5.59773744635915,4.78767467139877,5.184795890943
65,211.176825066667,2.68023681640625,2.47044372558594,2.57534027099609,1.34011840820313,1.23522186279297,1.28767013549805,5.64204074694659,4.79335740593604,5.20905711642328
66,211.178491733333,2.68023681640625,2.46311950683594,2.57167816162109,1.34011840820313,1.23155975341797,1.28583908081055,5.64204074694659,4.76497743888221,5.19425319006604
67,211.1801584,2.67634582519531,2.47564697265625,2.57599639892578,1.33817291259766,1.23782348632813,1.28799819946289,5.62567115171581,4.81357020253158,5.21171171184355
68,211.181825066667,2.67634582519531,2.46476745605469,2.570556640625,1.33817291259766,1.23238372802734,1.2852783203125,5.62567115171581,4.77135558469473,5.18972370123465
69,211.183491733333,2.67733764648438,2.47598266601563,2.57666015625,1.33866882324219,1.23799133300781,1.288330078125,5.6298415352576,4.81487571428281,5.2143978627268
70,211.1851584,2.67733764648438,2.47598266601563,2.57666015625,1.33866882324219,1.23799133300781,1.288330078125,5.6298415352576,4.81487571428281,5.2143978627268
71,211.186825066667,2.67216491699219,2.47598266601563,2.57407379150391,1.33608245849609,1.23799133300781,1.28703689575195,5.6081083666696,4.81487571428281,5.20393504231405
72,211.188491733333,2.67216491699219,2.47769165039063,2.57492828369141,1.33608245849609,1.23884582519531,1.2874641418457,5.6081083666696,4.82152470035977,5.20739062305285
73,211.1901584,2.67706298828125,2.48104858398438,2.57905578613281,1.33853149414063,1.24052429199219,1.28952789306641,5.62868650511167,4.83459856516729,5.22409846245286
74,211.191825066667,2.67706298828125,2.48104858398438,2.57905578613281,1.33853149414063,1.24052429199219,1.28952789306641,5.62868650511167,4.83459856516729,5.22409846245286
75,211.193491733333,2.67706298828125,2.47808837890625,2.57757568359375,1.33853149414063,1.23904418945313,1.28878784179688,5.62868650511167,4.82306887110354,5.21810403401799
76,211.1951584,2.68280029296875,2.46939086914063,2.57609558105469,1.34140014648438,1.23469543457031,1.28804779052734,5.65283841655287,4.78927259981033,5.21211304673218
77,211.196825066667,2.68707275390625,2.47808837890625,2.58258056640625,1.34353637695313,1.23904418945313,1.29129028320313,5.67085747111882,4.82306887110354,5.23838770917734
78,211.198491733333,2.68280029296875,2.48141479492188,2.58210754394531,1.34140014648438,1.24070739746094,1.29105377197266,5.65283841655287,4.83602587582051,5.23646897087704
79,211.2001584,2.66958618164063,2.48712158203125,2.57835388183594,1.33479309082031,1.24356079101563,1.28917694091797,5.5972895365019,4.85829535328506,5.22125531481292
80,211.201825066667,2.66958618164063,2.48712158203125,2.57835388183594,1.33479309082031,1.24356079101563,1.28917694091797,5.5972895365019,4.85829535328506,5.22125531481292
81,211.203491733333,2.67451477050781,2.48162841796875,2.57807159423828,1.33725738525391,1.24081420898438,1.28903579711914,5.61797604169788,4.8368585709856,5.22011209320458
82,211.2051584,2.67587280273438,2.47441101074219,2.57514190673828,1.33793640136719,1.23720550537109,1.28757095336914,5.62368274377064,4.80876507127001,5.20825469744502
83,211.206825066667,2.67451477050781,2.47296142578125,2.57373809814453,1.33725738525391,1.23648071289063,1.28686904907227,5.61797604169788,4.80313248099287,5.20257780653401
84,211.208491733333,2.67591857910156,2.47296142578125,2.57444000244141,1.33795928955078,1.23648071289063,1.2872200012207,5.62387515498534,4.80313248099287,5.20541586504769
85,211.2101584,2.6796875,2.47264099121094,2.57616424560547,1.33984375,1.23632049560547,1.28808212280273,5.63972830356118,4.80188782754806,5.21239090301458
86,211.211825066667,2.683837890625,2.48748779296875,2.58566284179688,1.3419189453125,1.24374389648438,1.29283142089844,5.65721183648336,4.85972615738665,5.25089906223398
87,211.213491733333,2.683837890625,2.4827880859375,2.58331298828125,1.3419189453125,1.24139404296875,1.29165649414063,5.65721183648336,4.84138016696251,5.24135935222677
88,211.2151584,2.68898010253906,2.48606872558594,2.5875244140625,1.34449005126953,1.24303436279297,1.29376220703125,5.67891094943566,4.85418296493615,5.2584626522593
89,211.216825066667,2.68284606933594,2.4827880859375,2.58281707763672,1.34142303466797,1.24139404296875,1.29140853881836,5.65303132589117,4.84138016696251,5.23934721012726
90,211.218491733333,2.68284606933594,2.47511291503906,2.5789794921875,1.34142303466797,1.23755645751953,1.28948974609375,5.65303132589117,4.81149361683345,5.22378938717863
91,211.2201584,2.67990112304688,2.47511291503906,2.57750701904297,1.33995056152344,1.23755645751953,1.28875350952148,5.6406275307776,4.81149361683345,5.21782602550068
92,211.221825066667,2.67990112304688,2.48135375976563,2.58062744140625,1.33995056152344,1.24067687988281,1.29031372070313,5.6406275307776,4.83578797608246,5.2304674472895
93,211.223491733333,2.68482971191406,2.48135375976563,2.58309173583984,1.34241485595703,1.24067687988281,1.29154586791992,5.66139389228277,4.83578797608246,5.24046157956237
94,211.2251584,2.68482971191406,2.48135375976563,2.58309173583984,1.34241485595703,1.24067687988281,1.29154586791992,5.66139389228277,4.83578797608246,5.24046157956237
95,211.226825066667,2.68482971191406,2.485107421875,2.58496856689453,1.34241485595703,1.2425537109375,1.29248428344727,5.66139389228277,4.85042969627745,5.24807960879243
96,211.228491733333,2.67959594726563,2.48941040039063,2.58450317382813,1.33979797363281,1.24470520019531,1.29225158691406,5.6393429424122,4.86724133506397,5.24619006937696
97,211.2301584,2.68875122070313,2.48941040039063,2.58908081054688,1.34437561035156,1.24470520019531,1.29454040527344,5.67794423031078,4.86724133506397,5.26479048758761
98,211.231825066667,2.68875122070313,2.48976135253906,2.58925628662109,1.34437561035156,1.24488067626953,1.29462814331055,5.67794423031078,4.86861377988895,5.2655041586863
99,211.233491733333,2.69076538085938,2.48976135253906,2.59026336669922,1.34538269042969,1.24488067626953,1.29513168334961,5.68645418277303,4.86861377988895,5.26960094556249
100,211.2351584,2.69076538085938,2.49665832519531,2.59371185302734,1.34538269042969,1.24832916259766,1.29685592651367,5.68645418277303,4.89562456533944,5.28364140459825
101,211.236825066667,2.68495178222656,2.49665832519531,2.59080505371094,1.34247589111328,1.24832916259766,1.29540252685547,5.66190871363572,4.89562456533944,5.2718051792291
102,211.238491733333,2.67573547363281,2.49040222167969,2.58306884765625,1.33786773681641,1.24520111083984,1.29153442382813,5.62310552987593,4.87112048270318,5.24036871091687
103,211.2401584,2.68229675292969,2.48478698730469,2.58354187011719,1.34114837646484,1.24239349365234,1.29177093505859,5.65071663107484,4.84917892929798,5.24228816348692
104,211.241825066667,2.67573547363281,2.48307800292969,2.57940673828125,1.33786773681641,1.24153900146484,1.28970336914063,5.62310552987593,4.84251089602763,5.2255203264792
105,211.243491733333,2.68229675292969,2.48478698730469,2.58354187011719,1.34114837646484,1.24239349365234,1.29177093505859,5.65071663107484,4.84917892929798,5.24228816348692
106,211.2451584,2.68182373046875,2.48307800292969,2.58245086669922,1.34091186523438,1.24153900146484,1.29122543334961,5.64872380145978,4.84251089602763,5.23786156854147
107,211.246825066667,2.68360900878906,2.48834228515625,2.58597564697266,1.34180450439453,1.24417114257813,1.29298782348633,5.65624696612121,4.86306551952449,5.25216961284895
108,211.248491733333,2.68360900878906,2.49092102050781,2.58726501464844,1.34180450439453,1.24546051025391,1.29363250732422,5.65624696612121,4.87315019083724,5.25740838297332
109,211.2501584,2.68360900878906,2.49114990234375,2.58737945556641,1.34180450439453,1.24557495117188,1.2936897277832,5.65624696612121,4.87404578471375,5.25787348874684
110,211.251825066667,2.68376159667969,2.49343872070313,2.58860015869141,1.34188079833984,1.24671936035156,1.2943000793457,5.65689020388607,4.88300624938164,5.26283589705107
111,211.253491733333,2.67912292480469,2.49443054199219,2.58677673339844,1.33956146240234,1.24721527099609,1.29338836669922,5.63735211955501,4.88689167293941,5.25542416281402
112,211.2551584,2.66963195800781,2.49639892578125,2.58301544189453,1.33481597900391,1.24819946289063,1.29150772094727,5.59748149567492,4.8946073206814,5.24015202061085
113,211.256825066667,2.66500854492188,2.49671936035156,2.58086395263672,1.33250427246094,1.24835968017578,1.29043197631836,5.57811024160729,4.89586393238432,5.23142622263205
114,211.258491733333,2.66500854492188,2.49639892578125,2.58070373535156,1.33250427246094,1.24819946289063,1.29035186767578,5.57811024160729,4.8946073206814,5.23077672005766
115,211.2601584,2.666259765625,2.4993896484375,2.58282470703125,1.3331298828125,1.24969482421875,1.29141235351563,5.58334931332137,4.9063419688366,5.23937816323373
116,211.261825066667,2.666259765625,2.4993896484375,2.58282470703125,1.3331298828125,1.24969482421875,1.29141235351563,5.58334931332137,4.9063419688366,5.23937816323373
117,211.263491733333,2.67605590820313,2.4993896484375,2.58772277832031,1.33802795410156,1.24969482421875,1.29386138916016,5.62445240837883,4.9063419688366,5.25926892950112
118,211.2651584,2.6767578125,2.50778198242188,2.59226989746094,1.33837890625,1.25389099121094,1.29613494873047,5.62740327726008,4.93934585786676,5.27776823227705
119,211.266825066667,2.67985534667969,2.50724792480469,2.59355163574219,1.33992767333984,1.25362396240234,1.29677581787109,5.64043483319669,4.93724231424573,5.28298866860918
120,211.268491733333,2.6767578125,2.50724792480469,2.59200286865234,1.33837890625,1.25362396240234,1.29600143432617,5.62740327726008,4.93724231424573,5.27668096618806
121,211.2701584,2.67156982421875,2.50541687011719,2.58849334716797,1.33578491210938,1.25270843505859,1.29424667358398,5.60561078642965,4.93003356597243,5.26240159288056
122,211.271825066667,2.67156982421875,2.50541687011719,2.58849334716797,1.33578491210938,1.25270843505859,1.29424667358398,5.60561078642965,4.93003356597243,5.26240159288056
123,211.273491733333,2.66696166992188,2.50814819335938,2.58755493164063,1.33348083496094,1.25407409667969,1.29377746582031,5.58628938147843,4.94078854671483,5.25858669088886
124,211.2751584,2.66696166992188,2.50814819335938,2.58755493164063,1.33348083496094,1.25407409667969,1.29377746582031,5.58628938147843,4.94078854671483,5.25858669088886
125,211.276825066667,2.66696166992188,2.50799560546875,2.58747863769531,1.33348083496094,1.25399780273438,1.29373931884766,5.58628938147843,4.9401874007604,5.25827659705792
126,211.278491733333,2.65623474121094,2.500732421875,2.57848358154297,1.32811737060547,1.2503662109375,1.28924179077148,5.54144193022493,4.91161515653174,5.22178062076259
127,211.2801584,2.66838073730469,2.50799560546875,2.58818817138672,1.33419036865234,1.25399780273438,1.29409408569336,5.59223579621048,4.9401874007604,5.26116082256892
128,211.281825066667,2.66848754882813,2.50851440429688,2.5885009765625,1.33424377441406,1.25425720214844,1.29425048828125,5.5926835038193,4.9422314462231,5.26243261401271
129,211.283491733333,2.67268371582031,2.50851440429688,2.59059906005859,1.33634185791016,1.25425720214844,1.2952995300293,5.61028619818503,4.9422314462231,5.27096689521406
130,211.2851584,2.66848754882813,2.50848388671875,2.58848571777344,1.33424377441406,1.25424194335938,1.29424285888672,5.5926835038193,4.94211119655136,5.26237057183983
131,211.286825066667,2.67268371582031,2.50848388671875,2.59058380126953,1.33634185791016,1.25424194335938,1.29529190063477,5.61028619818503,4.94211119655136,5.27090480275338
132,211.288491733333,2.66476440429688,2.50958251953125,2.58717346191406,1.33238220214844,1.25479125976563,1.29358673095703,5.5770882704438,4.94644110637234,5.25703631316655
133,211.2901584,2.67375183105469,2.5118408203125,2.59279632568359,1.33687591552734,1.25592041015625,1.2963981628418,5.61477130020753,4.9553474306365,5.27991202776903
134,211.291825066667,2.66294860839844,2.514892578125,2.58892059326172,1.33147430419922,1.2574462890625,1.29446029663086,5.56949029763773,4.96739573135373,5.26413891708708
135,211.293491733333,2.65911865234375,2.5118408203125,2.58547973632813,1.32955932617188,1.25592041015625,1.29273986816406,5.55348130403318,4.9553474306365,5.2501553966059
136,211.2951584,2.65911865234375,2.515625,2.58737182617188,1.32955932617188,1.2578125,1.29368591308594,5.55348130403318,4.97028950034796,5.25784248105525
137,211.296825066667,2.674560546875,2.51577758789063,2.59516906738281,1.3372802734375,1.25788879394531,1.29758453369141,5.6181683552628,4.97089247494999,5.28958004497218
138,211.298491733333,2.67996215820313,2.51577758789063,2.59786987304688,1.33998107910156,1.25788879394531,1.29893493652344,5.6408844660057,4.97089247494999,5.30059555972115
139,211.3001584,2.674560546875,2.51359558105469,2.59407806396484,1.3372802734375,1.25679779052734,1.29703903198242,5.6181683552628,4.96227341604588,5.2851335239853
140,211.301825066667,2.66819763183594,2.51359558105469,2.59089660644531,1.33409881591797,1.25679779052734,1.29544830322266,5.59146833914567,4.96227341604588,5.27217777129763
141,211.303491733333,2.66383361816406,2.51277160644531,2.58830261230469,1.33191680908203,1.25638580322266,1.29415130615234,5.57319286429878,4.95902061184495,5.26162609429221
142,211.3051584,2.66819763183594,2.51710510253906,2.5926513671875,1.33409881591797,1.25855255126953,1.29632568359375,5.59146833914567,4.97613989718333,5.27932166384086
143,211.306825066667,2.68034362792969,2.52304077148438,2.60169219970703,1.34017181396484,1.26152038574219,1.30084609985352,5.64249044375826,4.99963636920856,5.31620489640411
144,211.308491733333,2.68034362792969,2.52304077148438,2.60169219970703,1.34017181396484,1.26152038574219,1.30084609985352,5.64249044375826,4.99963636920856,5.31620489640411
145,211.3101584,2.67462158203125,2.51528930664063,2.59495544433594,1.33731079101563,1.25764465332031,1.29747772216797,5.61842477846957,4.9689630849603,5.28870925030008
146,211.311825066667,2.67462158203125,2.51528930664063,2.59495544433594,1.33731079101563,1.25764465332031,1.29747772216797,5.61842477846957,4.9689630849603,5.28870925030008
147,211.313491733333,2.68315124511719,2.5172119140625,2.60018157958984,1.34157562255859,1.25860595703125,1.30009078979492,5.65431747226433,4.97656222389493,5.31003319429937
148,211.3151584,2.68339538574219,2.51786804199219,2.60063171386719,1.34169769287109,1.25893402099609,1.30031585693359,5.65534649469296,4.97915690971116,5.31187186192726
149,211.316825066667,2.68388366699219,2.51786804199219,2.60087585449219,1.34194183349609,1.25893402099609,1.30043792724609,5.65740482043049,4.97915690971116,5.312869238512
150,211.318491733333,2.68388366699219,2.52011108398438,2.60199737548828,1.34194183349609,1.26005554199219,1.30099868774414,5.65740482043049,4.98803222212354,5.31745214012825
151,211.3201584,2.67694091796875,2.52011108398438,2.59852600097656,1.33847045898438,1.26005554199219,1.29926300048828,5.62817319641602,4.98803222212354,5.30327337512577
152,211.321825066667,2.67269897460938,2.52011108398438,2.59640502929688,1.33634948730469,1.26005554199219,1.29820251464844,5.6103502584534,4.98803222212354,5.29461962129076
153,211.323491733333,2.67269897460938,2.52964782714844,2.60117340087891,1.33634948730469,1.26482391357422,1.30058670043945,5.6103502584534,5.02585562619157,5.31408491781278
154,211.3251584,2.68203735351563,2.52017211914063,2.60110473632813,1.34101867675781,1.26008605957031,1.30055236816406,5.64962374550606,4.98827383767351,5.3138043640923
155,211.326825066667,2.68312072753906,2.53019714355469,2.60665893554688,1.34156036376953,1.26509857177734,1.30332946777344,5.65418885104388,5.02803860571572,5.33652197213186
156,211.328491733333,2.69024658203125,2.52200317382813,2.60612487792969,1.34512329101563,1.26100158691406,1.30306243896484,5.68426161601525,4.99552502520029,5.33433548105573
157,211.3301584,2.69024658203125,2.53019714355469,2.61022186279297,1.34512329101563,1.26509857177734,1.30511093139648,5.68426161601525,5.02803860571572,5.35112045582874
158,211.331825066667,2.69232177734375,2.52912902832031,2.61072540283203,1.34616088867188,1.26456451416016,1.30536270141602,5.69303441974631,5.02379435852578,5.35318523303499
159,211.333491733333,2.68978881835938,2.53218078613281,2.61098480224609,1.34489440917969,1.26609039306641,1.30549240112305,5.68232734938814,5.0359255335522,5.35424906157629
160,211.3351584,2.68978881835938,2.53218078613281,2.61098480224609,1.34489440917969,1.26609039306641,1.30549240112305,5.68232734938814,5.0359255335522,5.35424906157629
161,211.336825066667,2.689453125,2.53218078613281,2.61081695556641,1.3447265625,1.26609039306641,1.3054084777832,5.68090909639221,5.0359255335522,5.35356068986285
162,211.338491733333,2.68829345703125,2.53363037109375,2.6109619140625,1.34414672851563,1.26681518554688,1.30548095703125,5.67601103892846,5.04169296647465,5.35415519010046
163,211.3401584,2.6871337890625,2.53172302246094,2.60942840576172,1.34356689453125,1.26586151123047,1.30471420288086,5.67111509391841,5.03410492468796,5.34786767576596
164,211.341825066667,2.6871337890625,2.53288269042969,2.61000823974609,1.34356689453125,1.26644134521484,1.30500411987305,5.67111509391841,5.0387177731059,5.35024461006624
165,211.343491733333,2.68705749511719,2.53288269042969,2.60997009277344,1.34352874755859,1.26644134521484,1.30498504638672,5.67079306633324,5.0387177731059,5.3500882165804
166,211.3451584,2.69039916992188,2.53288269042969,2.61164093017578,1.34519958496094,1.26644134521484,1.30582046508789,5.68490644470353,5.0387177731059,5.35694039379537
167,211.346825066667,2.69786071777344,2.53492736816406,2.61639404296875,1.34893035888672,1.26746368408203,1.30819702148438,5.71648318857309,5.04685609902556,5.37645709826445
168,211.348491733333,2.69786071777344,2.52674865722656,2.6123046875,1.34893035888672,1.26337432861328,1.30615234375,5.71648318857309,5.01434219758248,5.35966370864951
169,211.3501584,2.69717407226563,2.52674865722656,2.61196136474609,1.34858703613281,1.26337432861328,1.30598068237305,5.71357369960976,5.01434219758248,5.35825501111446
170,211.351825066667,2.69717407226563,2.52674865722656,2.61196136474609,1.34858703613281,1.26337432861328,1.30598068237305,5.71357369960976,5.01434219758248,5.35825501111446
171,211.353491733333,2.69776916503906,2.53483581542969,2.61630249023438,1.34888458251953,1.26741790771484,1.30815124511719,5.71609521392096,5.0464915559323,5.37608083939176
172,211.3551584,2.69776916503906,2.53483581542969,2.61630249023438,1.34888458251953,1.26741790771484,1.30815124511719,5.71609521392096,5.0464915559323,5.37608083939176
173,211.356825066667,2.70150756835938,2.53410339355469,2.61780548095703,1.35075378417969,1.26705169677734,1.30890274047852,5.73194821986229,5.04357568517173,5.38225942201167
174,211.358491733333,2.70150756835938,2.53147888183594,2.61649322509766,1.35075378417969,1.26573944091797,1.30824661254883,5.73194821986229,5.03313406788217,5.37686472690096
175,211.3601584,2.70150756835938,2.53019714355469,2.61585235595703,1.35075378417969,1.26509857177734,1.30792617797852,5.73194821986229,5.02803860571572,5.37423109143947
176,211.361825066667,2.70339965820313,2.53019714355469,2.61679840087891,1.35169982910156,1.26509857177734,1.30839920043945,5.73998014921295,5.02803860571572,5.37811906577778
177,211.363491733333,2.69454956054688,2.53146362304688,2.61300659179688,1.34727478027344,1.26573181152344,1.30650329589844,5.70245981148314,5.03307339244051,5.3625442887058
178,211.3651584,2.70339965820313,2.53990173339844,2.62165069580078,1.35169982910156,1.26995086669922,1.31082534790039,5.73998014921295,5.06668273224441,5.39808270895508
179,211.366825066667,2.70893859863281,2.53755187988281,2.62324523925781,1.35446929931641,1.26877593994141,1.31162261962891,5.76352530166592,5.05731193295301,5.40465116226038
180,211.368491733333,2.70893859863281,2.53755187988281,2.62324523925781,1.35446929931641,1.26877593994141,1.31162261962891,5.76352530166592,5.05731193295301,5.40465116226038
181,211.3701584,2.70384216308594,2.535888671875,2.61986541748047,1.35192108154297,1.2679443359375,1.30993270874023,5.74185939567397,5.05068459641784,5.39073329452533
182,211.371825066667,2.70384216308594,2.53538513183594,2.61961364746094,1.35192108154297,1.26769256591797,1.30980682373047,5.74185939567397,5.04867901198577,5.38969724144956
183,211.373491733333,2.70864868164063,2.535888671875,2.62226867675781,1.35432434082031,1.2679443359375,1.31113433837891,5.76229171556211,5.05068459641784,5.40062790347551
184,211.3751584,2.70864868164063,2.53556823730469,2.62210845947266,1.35432434082031,1.26778411865234,1.31105422973633,5.76229171556211,5.0494082693337,5.39996798062707
185,211.376825066667,2.70773315429688,2.53556823730469,2.62165069580078,1.35386657714844,1.26778411865234,1.31082534790039,5.7583970472764,5.0494082693337,5.39808270895508
186,211.378491733333,2.70301818847656,2.53556823730469,2.61929321289063,1.35150909423828,1.26778411865234,1.30964660644531,5.73836035602778,5.0494082693337,5.38837877245003
187,211.3801584,2.70286560058594,2.54205322265625,2.62245941162109,1.35143280029297,1.27102661132813,1.31122970581055,5.73771250275638,5.07527009629688,5.40141357848774
188,211.381825066667,2.70286560058594,2.54205322265625,2.62245941162109,1.35143280029297,1.27102661132813,1.31122970581055,5.73771250275638,5.07527009629688,5.40141357848774
189,211.383491733333,2.70890808105469,2.54197692871094,2.62544250488281,1.35445404052734,1.27098846435547,1.31272125244141,5.76339544427969,5.07496545549308,5.41370897169165
190,211.3851584,2.70890808105469,2.53692626953125,2.62291717529297,1.35445404052734,1.26846313476563,1.31145858764648,5.76339544427969,5.05481857176879,5.40329943166966
191,211.386825066667,2.71121215820313,2.53692626953125,2.62406921386719,1.35560607910156,1.26846313476563,1.31203460693359,5.77320379121386,5.05481857176879,5.40804695207437
192,211.388491733333,2.70994567871094,2.54830932617188,2.62912750244141,1.35497283935547,1.27415466308594,1.3145637512207,5.76781141610836,5.10028175664721,5.42891669731446
193,211.3901584,2.70994567871094,2.54837036132813,2.62915802001953,1.35497283935547,1.27418518066406,1.31457901000977,5.76781141610836,5.1005260756698,5.4290427302671
194,211.391825066667,2.70994567871094,2.54830932617188,2.62912750244141,1.35497283935547,1.27415466308594,1.3145637512207,5.76781141610836,5.10028175664721,5.42891669731446
195,211.393491733333,2.70597839355469,2.55108642578125,2.62853240966797,1.35298919677734,1.27554321289063,1.31426620483398,5.75093594654875,5.11140419626147,5.42645934713882
196,211.3951584,2.71249389648438,2.55108642578125,2.63179016113281,1.35624694824219,1.27554321289063,1.31589508056641,5.77866369992097,5.11140419626147,5.43991857688976
197,211.396825066667,2.70597839355469,2.55816650390625,2.63207244873047,1.35298919677734,1.27908325195313,1.31603622436523,5.75093594654875,5.13981511866185,5.44108561818743
198,211.398491733333,2.70602416992188,2.55816650390625,2.63209533691406,1.35301208496094,1.27908325195313,1.31604766845703,5.75113052251647,5.13981511866185,5.44118024864346
199,211.4001584,2.70602416992188,2.54457092285156,2.62529754638672,1.35301208496094,1.27228546142578,1.31264877319336,5.75113052251647,5.08532837217873,5.41311117421955
200,211.401825066667,2.71434020996094,2.54457092285156,2.62945556640625,1.35717010498047,1.27228546142578,1.31472778320313,5.78653310437611,5.08532837217873,5.43027162822134
201,211.403491733333,2.71434020996094,2.55056762695313,2.63245391845703,1.35717010498047,1.27528381347656,1.31622695922852,5.78653310437611,5.10932545769652,5.44266289988754
202,211.4051584,2.70936584472656,2.55384826660156,2.63160705566406,1.35468292236328,1.27692413330078,1.31580352783203,5.76534345867946,5.12247753833347,5.43916164405761
203,211.406825066667,2.70828247070313,2.55862426757813,2.63345336914063,1.35414123535156,1.27931213378906,1.31672668457031,5.76073369025267,5.14165474180383,5.44679646191842
204,211.408491733333,2.70828247070313,2.560791015625,2.63453674316406,1.35414123535156,1.2803955078125,1.31726837158203,5.76073369025267,5.1503667576314,5.45127888917808
205,211.4101584,2.72138977050781,2.55862426757813,2.64000701904297,1.36069488525391,1.27931213378906,1.32000350952148,5.81662917527827,5.14165474180383,5.473940146939
206,211.411825066667,2.72138977050781,2.555419921875,2.63840484619141,1.36069488525391,1.2777099609375,1.3192024230957,5.81662917527827,5.12878429209794,5.46729809107071
207,211.413491733333,2.72138977050781,2.555419921875,2.63840484619141,1.36069488525391,1.2777099609375,1.3192024230957,5.81662917527827,5.12878429209794,5.46729809107071
208,211.4151584,2.7239990234375,2.55580139160156,2.63990020751953,1.36199951171875,1.27790069580078,1.31995010375977,5.82778842392291,5.13031564274198,5.47349721776922
209,211.416825066667,2.72604370117188,2.55580139160156,2.64092254638672,1.36302185058594,1.27790069580078,1.32046127319336,5.83654057198215,5.13031564274198,5.47773741779629
210,211.418491733333,2.72604370117188,2.55027770996094,2.63816070556641,1.36302185058594,1.27513885498047,1.3190803527832,5.83654057198215,5.10816399381975,5.46628632229791
211,211.4201584,2.72647094726563,2.55027770996094,2.63837432861328,1.36323547363281,1.27513885498047,1.31918716430664,5.83837020851385,5.10816399381975,5.4671716148539
212,211.421825066667,2.73069763183594,2.55119323730469,2.64094543457031,1.36534881591797,1.27559661865234,1.32047271728516,5.85648599067461,5.11183222433056,5.47783236643699
213,211.423491733333,2.73602294921875,2.56364440917969,2.64983367919922,1.36801147460938,1.28182220458984,1.32491683959961,5.87935051939401,5.1618508739338,5.51476629551196
214,211.4251584,2.73069763183594,2.56932067871094,2.65000915527344,1.36534881591797,1.28466033935547,1.32500457763672,5.85648599067461,5.1847343081264,5.51549671235961
215,211.426825066667,2.72383117675781,2.56364440917969,2.64373779296875,1.36191558837891,1.28182220458984,1.32186889648438,5.82707025567689,5.1618508739338,5.48942227475748
216,211.428491733333,2.72225952148438,2.56932067871094,2.64579010009766,1.36112976074219,1.28466033935547,1.32289505004883,5.82034773657127,5.1847343081264,5.49794834971987
217,211.4301584,2.71896362304688,2.56243896484375,2.64070129394531,1.35948181152344,1.28121948242188,1.32035064697266,5.80626262671562,5.1569977351868,5.47681962336075
218,211.431825066667,2.71896362304688,2.56561279296875,2.64228820800781,1.35948181152344,1.28280639648438,1.32114410400391,5.80626262671562,5.16978052610992,5.48340412693461
219,211.433491733333,2.72454833984375,2.56561279296875,2.64508056640625,1.36227416992188,1.28280639648438,1.32254028320313,5.83013910213523,5.16978052610992,5.49499992496329
220,211.4351584,2.72517395019531,2.56840515136719,2.64678955078125,1.36258697509766,1.28420257568359,1.32339477539063,5.83281684073665,5.18104000841541,5.50210284866857
221,211.436825066667,2.72724914550781,2.56840515136719,2.6478271484375,1.36362457275391,1.28420257568359,1.32391357421875,5.84170349753015,5.18104000841541,5.50641757632572
222,211.438491733333,2.73753356933594,2.5743408203125,2.65593719482422,1.36876678466797,1.28717041015625,1.32796859741211,5.88584455629671,5.20501478808979,5.5402005160922
223,211.4401584,2.72724914550781,2.56138610839844,2.64431762695313,1.36362457275391,1.28069305419922,1.32215881347656,5.84170349753015,5.15276078521511,5.49183045808513
224,211.441825066667,2.72479248046875,2.55598449707031,2.64038848876953,1.36239624023438,1.27799224853516,1.32019424438477,5.83118400015086,5.13105077224307,5.47552218312287
225,211.443491733333,2.72479248046875,2.55598449707031,2.64038848876953,1.36239624023438,1.27799224853516,1.32019424438477,5.83118400015086,5.13105077224307,5.47552218312287
226,211.4451584,2.73628234863281,2.5675048828125,2.65189361572266,1.36814117431641,1.28375244140625,1.32594680786133,5.88046540213049,5.17740856425976,5.523343802971
227,211.446825066667,2.73704528808594,2.57829284667969,2.65766906738281,1.36852264404297,1.28914642333984,1.32883453369141,5.88374508159945,5.22100812115631,5.54742813395149
228,211.448491733333,2.73628234863281,2.56953430175781,2.65290832519531,1.36814117431641,1.28476715087891,1.32645416259766,5.88046540213049,5.18559650084018,5.5275714699503
229,211.4501584,2.74455261230469,2.57829284667969,2.66142272949219,1.37227630615234,1.28914642333984,1.33071136474609,5.91606589102232,5.22100812115631,5.56310945127844
230,211.451825066667,2.74455261230469,2.57388305664063,2.65921783447266,1.37227630615234,1.28694152832031,1.32960891723633,5.91606589102232,5.20316386390566,5.55389558894695
231,211.453491733333,2.74455261230469,2.57405090332031,2.6593017578125,1.37227630615234,1.28702545166016,1.32965087890625,5.91606589102232,5.20384249788777,5.55424614978922
232,211.4551584,2.73858642578125,2.57405090332031,2.65631866455078,1.36929321289063,1.28702545166016,1.32815933227539,5.89037282299719,5.20384249788777,5.54179209781653
233,211.456825066667,2.736328125,2.57453918457031,2.65543365478516,1.3681640625,1.28726959228516,1.32771682739258,5.8806621571147,5.20581695745765,5.53809997821922
234,211.458491733333,2.736328125,2.58311462402344,2.65972137451172,1.3681640625,1.29155731201172,1.32986068725586,5.8806621571147,5.24055444903075,5.55599911995032
235,211.4601584,2.73408508300781,2.57835388183594,2.65621948242188,1.36704254150391,1.28917694091797,1.32810974121094,5.87102503376983,5.22125531481292,5.54137826457872
236,211.461825066667,2.74855041503906,2.58345031738281,2.66600036621094,1.37427520751953,1.29172515869141,1.33300018310547,5.93331350353461,5.24191662910816,5.58226296224191
237,211.463491733333,2.73408508300781,2.57939147949219,2.65673828125,1.36704254150391,1.28969573974609,1.328369140625,5.87102503376983,5.22545850228112,5.5435431017243
238,211.4651584,2.74855041503906,2.57991027832031,2.66423034667969,1.37427520751953,1.28995513916016,1.33211517333984,5.93331350353461,5.22756073019021,5.57485303493727
239,211.466825066667,2.73396301269531,2.57939147949219,2.65667724609375,1.36698150634766,1.28969573974609,1.32833862304688,5.87050079122445,5.22545850228112,5.54328839305752
240,211.468491733333,2.74862670898438,2.57991027832031,2.66426849365234,1.37431335449219,1.28995513916016,1.33213424682617,5.93364290056961,5.22756073019021,5.57501267975854
241,211.4701584,2.73258972167969,2.58015441894531,2.6563720703125,1.36629486083984,1.29007720947266,1.32818603515625,5.86460467545613,5.22855016020394,5.5420149374987
242,211.471825066667,2.74131774902344,2.58328247070313,2.66230010986328,1.37065887451172,1.29164123535156,1.33115005493164,5.90212818332942,5.24123551694282,5.56677799105928
243,211.473491733333,2.74131774902344,2.58015441894531,2.66073608398438,1.37065887451172,1.29007720947266,1.33036804199219,5.90212818332942,5.22855016020394,5.56023926360932
244,211.4751584,2.74525451660156,2.58354187011719,2.66439819335938,1.37262725830078,1.29177093505859,1.33219909667969,5.91909228085503,5.24228816348692,5.57555548924874
245,211.476825066667,2.74525451660156,2.58354187011719,2.66439819335938,1.37262725830078,1.29177093505859,1.33219909667969,5.91909228085503,5.24228816348692,5.57555548924874
246,211.478491733333,2.75053405761719,2.58354187011719,2.66703796386719,1.37526702880859,1.29177093505859,1.33351898193359,5.94188079799681,5.24228816348692,5.58660900073472
247,211.4801584,2.74005126953125,2.58279418945313,2.66142272949219,1.37002563476563,1.29139709472656,1.33071136474609,5.89667591672349,5.23925435135646,5.56310945127844
248,211.481825066667,2.75392150878906,2.58279418945313,2.66835784912109,1.37696075439453,1.29139709472656,1.33417892456055,5.95652539063145,5.23925435135646,5.59213986119726
249,211.483491733333,2.74005126953125,2.58485412597656,2.66245269775391,1.37002563476563,1.29242706298828,1.33122634887695,5.89667591672349,5.24761493640839,5.5674161214114
250,211.4851584,2.75602722167969,2.58537292480469,2.67070007324219,1.37801361083984,1.29268646240234,1.33535003662109,5.96563787077425,5.24972161597719,5.60196147748414
251,211.486825066667,2.75167846679688,2.58537292480469,2.66852569580078,1.37583923339844,1.29268646240234,1.33426284790039,5.94682627942454,5.24972161597719,5.59284340373691
252,211.488491733333,2.75167846679688,2.58612060546875,2.66889953613281,1.37583923339844,1.29306030273438,1.33444976806641,5.94682627942454,5.2527584567138,5.59441054389459
253,211.4901584,2.75167846679688,2.58343505859375,2.66755676269531,1.37583923339844,1.29171752929688,1.33377838134766,5.94682627942454,5.24185470799176,5.58878265415611
254,211.491825066667,2.74531555175781,2.58840942382813,2.66686248779297,1.37265777587891,1.29420471191406,1.33343124389648,5.91935548176127,5.26206036646139,5.58587389011441
255,211.493491733333,2.75892639160156,2.58343505859375,2.67118072509766,1.37946319580078,1.29171752929688,1.33559036254883,5.97819543521865,5.24185470799176,5.60397805396264
256,211.4951584,2.75062561035156,2.58840942382813,2.66951751708984,1.37531280517578,1.29420471191406,1.33475875854492,5.94227636080502,5.26206036646139,5.59700160391407
257,211.496825066667,2.75062561035156,2.58518981933594,2.66790771484375,1.37531280517578,1.29259490966797,1.33395385742188,5.94227636080502,5.24897803373544,5.59025330650039
258,211.498491733333,2.75062561035156,2.58653259277344,2.6685791015625,1.37531280517578,1.29326629638672,1.33428955078125,5.94227636080502,5.2544321931745,5.59306726746173
259,211.5001584,2.75920104980469,2.58518981933594,2.67219543457031,1.37960052490234,1.29259490966797,1.33609771728516,5.9793857838643,5.24897803373544,5.60823646270246
260,211.501825066667,2.75920104980469,2.58653259277344,2.67286682128906,1.37960052490234,1.29326629638672,1.33643341064453,5.9793857838643,5.2544321931745,5.61105494554358
261,211.503491733333,2.7548828125,2.5819091796875,2.66839599609375,1.37744140625,1.29095458984375,1.33419799804688,5.96068457187805,5.23566444328524,5.59229975334312
262,211.5051584,2.7548828125,2.58869934082031,2.67179107666016,1.37744140625,1.29434967041016,1.33589553833008,5.96068457187805,5.2632391955415,5.60653930899205
263,211.506825066667,2.75801086425781,2.58869934082031,2.67335510253906,1.37900543212891,1.29434967041016,1.33667755126953,5.97422846220687,5.2632391955415,5.61310519597332
264,211.508491733333,2.76026916503906,2.58926391601563,2.67476654052734,1.38013458251953,1.29463195800781,1.33738327026367,5.98401604393322,5.2655351889617,5.61903380703805
265,211.5101584,2.75981140136719,2.59234619140625,2.67607879638672,1.37990570068359,1.29617309570313,1.33803939819336,5.98203142732312,5.27807890030334,5.62454862015787
266,211.511825066667,2.76026916503906,2.59419250488281,2.67723083496094,1.38013458251953,1.29709625244141,1.33861541748047,5.98401604393322,5.28559985449555,5.62939234278693
267,211.513491733333,2.75981140136719,2.5946044921875,2.67720794677734,1.37990570068359,1.29730224609375,1.33860397338867,5.98203142732312,5.28727881467098,5.62929608958902
268,211.5151584,2.75479125976563,2.5980224609375,2.67640686035156,1.37739562988281,1.29901123046875,1.33820343017578,5.96028839683862,5.3012182471443,5.625927746084
269,211.516825066667,2.74870300292969,2.5980224609375,2.67336273193359,1.37435150146484,1.29901123046875,1.3366813659668,5.93397230674784,5.3012182471443,5.61313723410783
270,211.518491733333,2.74870300292969,2.59071350097656,2.66970825195313,1.37435150146484,1.29535675048828,1.33485412597656,5.93397230674784,5.27143260032684,5.59780143494453
271,211.5201584,2.75389099121094,2.58076477050781,2.66732788085938,1.37694549560547,1.29038238525391,1.33366394042969,5.95639337690398,5.23102414485533,5.58782363729492
272,211.521825066667,2.76095581054688,2.58076477050781,2.67086029052734,1.38047790527344,1.29038238525391,1.33543014526367,5.98699358601694,5.23102414485533,5.60263362932196
273,211.523491733333,2.7548828125,2.5845947265625,2.66973876953125,1.37744140625,1.29229736328125,1.33486938476563,5.96068457187805,5.24656175516774,5.59792941321248
274,211.5251584,2.76515197753906,2.586181640625,2.67566680908203,1.38257598876953,1.2930908203125,1.33783340454102,6.00520576862745,5.25300640084738,5.62281693403762
275,211.526825066667,2.7548828125,2.59593200683594,2.67540740966797,1.37744140625,1.29796600341797,1.33770370483398,5.96068457187805,5.29269061111117,5.62172674992993
276,211.528491733333,2.75341796875,2.58685302734375,2.67013549804688,1.376708984375,1.29342651367188,1.33506774902344,5.95434735119879,5.25573417252716,5.59959326382139
277,211.5301584,2.75341796875,2.59593200683594,2.67467498779297,1.376708984375,1.29796600341797,1.33733749389648,5.95434735119879,5.29269061111117,5.61864915357569
278,211.531825066667,2.75056457519531,2.59002685546875,2.67029571533203,1.37528228759766,1.29501342773438,1.33514785766602,5.9420126508033,5.26863867823448,5.6002652735733
279,211.533491733333,2.75736999511719,2.59002685546875,2.67369842529297,1.37868499755859,1.29501342773438,1.33684921264648,5.97145236449126,5.26863867823448,5.61454700254463
280,211.5351584,2.75736999511719,2.58525085449219,2.67131042480469,1.37868499755859,1.29262542724609,1.33565521240234,5.97145236449126,5.24922588863102,5.60452227169435
281,211.536825066667,2.75808715820313,2.58525085449219,2.67166900634766,1.37904357910156,1.29262542724609,1.33583450317383,5.97455899300338,5.24922588863102,5.60602701117279
282,211.538491733333,2.75808715820313,2.58355712890625,2.67082214355469,1.37904357910156,1.29177856445313,1.33541107177734,5.97455899300338,5.24235008716343,5.6024735895128
283,211.5401584,2.75636291503906,2.58642578125,2.67139434814453,1.37818145751953,1.293212890625,1.33569717407227,5.96709122868387,5.25399823589844,5.60487442666017
284,211.541825066667,2.75636291503906,2.57870483398438,2.66753387451172,1.37818145751953,1.28935241699219,1.33376693725586,5.96709122868387,5.22267679189743,5.58868674876698
285,211.543491733333,2.7601318359375,2.58457946777344,2.67235565185547,1.38006591796875,1.29228973388672,1.33617782592773,5.98342062438875,5.24649980662162,5.60890899087596
286,211.5451584,2.76399230957031,2.58457946777344,2.67428588867188,1.38199615478516,1.29228973388672,1.33714294433594,6.00016981796846,5.24649980662162,5.61701452324677
287,211.546825066667,2.7601318359375,2.58692932128906,2.67353057861328,1.38006591796875,1.29346466064453,1.33676528930664,5.98342062438875,5.25604419138355,5.6138420961996
288,211.548491733333,2.75077819824219,2.58755493164063,2.66916656494141,1.37538909912109,1.29377746582031,1.3345832824707,5.9429356614104,5.25858669088886,5.5955300641271
289,211.5501584,2.75077819824219,2.58755493164063,2.66916656494141,1.37538909912109,1.29377746582031,1.3345832824707,5.9429356614104,5.25858669088886,5.5955300641271
290,211.551825066667,2.74951171875,2.58615112304688,2.66783142089844,1.374755859375,1.29307556152344,1.33391571044922,5.93746457436337,5.25288242804913,5.5899335830112
291,211.553491733333,2.748291015625,2.57795715332031,2.66312408447266,1.3741455078125,1.28897857666016,1.33156204223633,5.93219362200705,5.21964866064361,5.57022432944739
292,211.5551584,2.74708557128906,2.57635498046875,2.66172027587891,1.37354278564453,1.28817749023438,1.33086013793945,5.92699085351943,5.21316276488002,5.56435342926655
293,211.556825066667,2.748291015625,2.57427978515625,2.66128540039063,1.3741455078125,1.28713989257813,1.33064270019531,5.93219362200705,5.20476797918064,5.56253535449644
294,211.558491733333,2.75267028808594,2.57427978515625,2.66347503662109,1.37633514404297,1.28713989257813,1.33173751831055,5.95111402739788,5.20476797918064,5.57169253816989
295,211.5601584,2.75343322753906,2.57624816894531,2.66484069824219,1.37671661376953,1.28812408447266,1.33242034912109,5.95441334654205,5.21273051519508,5.57740762637483
296,211.561825066667,2.75343322753906,2.57627868652344,2.66485595703125,1.37671661376953,1.28813934326172,1.33242797851563,5.95441334654205,5.21285401327641,5.57747149865822
297,211.563491733333,2.75247192382813,2.57699584960938,2.66473388671875,1.37623596191406,1.28849792480469,1.33236694335938,5.95025635418663,5.2157566393253,5.57696053063149
298,211.5651584,2.75247192382813,2.57699584960938,2.66473388671875,1.37623596191406,1.28849792480469,1.33236694335938,5.95025635418663,5.2157566393253,5.57696053063149
299,211.566825066667,2.75494384765625,2.57322692871094,2.66408538818359,1.37747192382813,1.28661346435547,1.3320426940918,5.96094869588558,5.20051144658754,5.574246405463
300,211.568491733333,2.7559814453125,2.57231140136719,2.66414642333984,1.37799072265625,1.28615570068359,1.33207321166992,5.96543969931962,5.19681152927113,5.57450182437651
301,211.5701584,2.76124572753906,2.56382751464844,2.66253662109375,1.38062286376953,1.28191375732422,1.33126831054688,5.98825099281584,5.16258825925457,5.56776710869428
302,211.571825066667,2.76124572753906,2.56382751464844,2.66253662109375,1.38062286376953,1.28191375732422,1.33126831054688,5.98825099281584,5.16258825925457,5.56776710869428
303,211.573491733333,2.75259399414063,2.5701904296875,2.66139221191406,1.37629699707031,1.28509521484375,1.33069610595703,5.95078414577127,5.18824511237691,5.56298187165567
304,211.5751584,2.75259399414063,2.5701904296875,2.66139221191406,1.37629699707031,1.28509521484375,1.33069610595703,5.95078414577127,5.18824511237691,5.56298187165567
305,211.576825066667,2.7491455078125,2.563232421875,2.65618896484375,1.37457275390625,1.2816162109375,1.32809448242188,5.93588304288624,5.16019194951865,5.54125093438348
306,211.578491733333,2.74420166015625,2.563232421875,2.65371704101563,1.37210083007813,1.2816162109375,1.32685852050781,5.91455298631234,5.16019194951865,5.53094204691979
307,211.5801584,2.74420166015625,2.56057739257813,2.65238952636719,1.37210083007813,1.28028869628906,1.32619476318359,5.91455298631234,5.14950749879982,5.52540975394044
308,211.581825066667,2.749755859375,2.56057739257813,2.65516662597656,1.3748779296875,1.28028869628906,1.32758331298828,5.93851904571491,5.14950749879982,5.53698621822664
309,211.583491733333,2.75375366210938,2.54763793945313,2.65069580078125,1.37687683105469,1.27381896972656,1.32534790039063,5.95579933323396,5.09759463360918,5.51835533017537
310,211.5851584,2.749755859375,2.54763793945313,2.64869689941406,1.3748779296875,1.27381896972656,1.32434844970703,5.93851904571491,5.09759463360918,5.51003563624387
311,211.586825066667,2.75930786132813,2.55288696289063,2.65609741210938,1.37965393066406,1.27644348144531,1.32804870605469,5.97984872922784,5.11862192173156,5.54086895257526
312,211.588491733333,2.74671936035156,2.55288696289063,2.64980316162109,1.37335968017578,1.27644348144531,1.32490158081055,5.92541071766615,5.11862192173156,5.51463927143233
313,211.5901584,2.73851013183594,2.55569458007813,2.64710235595703,1.36925506591797,1.27784729003906,1.32355117797852,5.89004462921232,5.12988684152069,5.50340343408889
314,211.591825066667,2.73823547363281,2.54804992675781,2.64314270019531,1.36911773681641,1.27402496337891,1.32157135009766,5.88886320729278,5.09924346608396,5.48695126732725
315,211.593491733333,2.73677062988281,2.54804992675781,2.64241027832031,1.36838531494141,1.27402496337891,1.32120513916016,5.88256429166052,5.09924346608396,5.48391079105635
316,211.5951584,2.73246765136719,2.54202270507813,2.63724517822266,1.36623382568359,1.27101135253906,1.31862258911133,5.8640807196427,5.07514823887817,5.46249302326321
317,211.596825066667,2.73677062988281,2.5335693359375,2.63516998291016,1.36838531494141,1.26678466796875,1.31758499145508,5.88256429166052,5.04145006063093,5.45389975322759
318,211.598491733333,2.7271728515625,2.53233337402344,2.62975311279297,1.36358642578125,1.26616668701172,1.31487655639648,5.84137666243044,5.03653247631952,5.43150066524424
319,211.6001584,2.74420166015625,2.53117370605469,2.63768768310547,1.37210083007813,1.26558685302734,1.31884384155273,5.91455298631234,5.03192062853755,5.46432628673456
320,211.601825066667,2.7401123046875,2.53117370605469,2.63564300537109,1.37005615234375,1.26558685302734,1.31782150268555,5.89693861877466,5.03192062853755,5.45585791808444
321,211.603491733333,2.7401123046875,2.52998352050781,2.63504791259766,1.37005615234375,1.26499176025391,1.31752395629883,5.89693861877466,5.02718961291176,5.45339447741511
322,211.6051584,2.73588562011719,2.53286743164063,2.63437652587891,1.36794281005859,1.26643371582031,1.31718826293945,5.8787603301474,5.03865706401713,5.45061587884104
323,211.606825066667,2.73588562011719,2.53286743164063,2.63437652587891,1.36794281005859,1.26643371582031,1.31718826293945,5.8787603301474,5.03865706401713,5.45061587884104
324,211.608491733333,2.72663879394531,2.53321838378906,2.62992858886719,1.36331939697266,1.26660919189453,1.31496429443359,5.83908907274315,5.04005346558857,5.43222554714134
325,211.6101584,2.7227783203125,2.53321838378906,2.62799835205078,1.36138916015625,1.26660919189453,1.31399917602539,5.82256639154715,5.04005346558857,5.42425450649836
326,211.611825066667,2.7227783203125,2.52517700195313,2.62397766113281,1.36138916015625,1.26258850097656,1.31198883056641,5.82256639154715,5.00810622601209,5.40766958942999
327,211.613491733333,2.72288513183594,2.52517700195313,2.62403106689453,1.36144256591797,1.26258850097656,1.31201553344727,5.82302322593614,5.00810622601209,5.40788971603915
328,211.6151584,2.72288513183594,2.52517700195313,2.62403106689453,1.36144256591797,1.26258850097656,1.31201553344727,5.82302322593614,5.00810622601209,5.40788971603915
329,211.616825066667,2.72445678710938,2.5228271484375,2.62364196777344,1.36222839355469,1.26141357421875,1.31182098388672,5.82974728951752,4.99878977778463,5.40628603904528
330,211.618491733333,2.71929931640625,2.51026916503906,2.61478424072266,1.35964965820313,1.25513458251953,1.30739212036133,5.80769644077116,4.94914826279342,5.36984313266338
331,211.6201584,2.71730041503906,2.50851440429688,2.61290740966797,1.35865020751953,1.25425720214844,1.30645370483398,5.79916134092999,4.9422314462231,5.36213720326906
332,211.621825066667,2.71429443359375,2.50823974609375,2.61126708984375,1.35714721679688,1.25411987304688,1.30563354492188,5.78633793044062,4.9411492518425,5.35540687743826
333,211.623491733333,2.71429443359375,2.506103515625,2.61019897460938,1.35714721679688,1.2530517578125,1.30509948730469,5.78633793044062,4.93273622940635,5.35102661178261
334,211.6251584,2.70683288574219,2.49699401855469,2.60191345214844,1.35341644287109,1.24849700927734,1.30095672607422,5.75456857402226,4.89694115650074,5.31710913352064
335,211.626825066667,2.70683288574219,2.49954223632813,2.60318756103516,1.35341644287109,1.24977111816406,1.30159378051758,5.75456857402226,4.90694105207653,5.3223177884706
336,211.628491733333,2.70417785644531,2.49055480957031,2.59736633300781,1.35208892822266,1.24527740478516,1.29868316650391,5.74328523609452,4.87171741179624,5.29854095070987
337,211.6301584,2.69308471679688,2.49484252929688,2.59396362304688,1.34654235839844,1.24742126464844,1.29698181152344,5.69626141587794,4.88850607234563,5.28466721404734
338,211.631825066667,2.68864440917969,2.49118041992188,2.58991241455078,1.34432220458984,1.24559020996094,1.29495620727539,5.67749312288035,4.87416520344802,5.26817309655542
339,211.633491733333,2.68864440917969,2.49484252929688,2.59174346923828,1.34432220458984,1.24742126464844,1.29587173461914,5.67749312288035,4.88850607234563,5.27562487209464
340,211.6351584,2.68124389648438,2.49595642089844,2.58860015869141,1.34062194824219,1.24797821044922,1.2943000793457,5.64628145753206,4.89287226491222,5.26283589705107
341,211.636825066667,2.68814086914063,2.49595642089844,2.59204864501953,1.34407043457031,1.24797821044922,1.29602432250977,5.67536671494692,4.89287226491222,5.27686734670584
342,211.638491733333,2.68525695800781,2.48966979980469,2.58746337890625,1.34262847900391,1.24483489990234,1.29373168945313,5.66319586942235,4.86825573215196,5.25821457938892
343,211.6401584,2.68525695800781,2.48582458496094,2.58554077148438,1.34262847900391,1.24291229248047,1.29277038574219,5.66319586942235,4.85322961633393,5.25040327929692
344,211.641825066667,2.67747497558594,2.48582458496094,2.58164978027344,1.33873748779297,1.24291229248047,1.29082489013672,5.6304190947667,4.85322961633393,5.23461246200314
345,211.643491733333,2.67333984375,2.47782897949219,2.57558441162109,1.336669921875,1.23891448974609,1.28779220581055,5.61304111997858,4.82205919302354,5.21004479386115
346,211.6451584,2.67333984375,2.47479248046875,2.57406616210938,1.336669921875,1.23739624023438,1.28703308105469,5.61304111997858,4.81024788046353,5.20390419408052
347,211.646825066667,2.66665649414063,2.47479248046875,2.57072448730469,1.33332824707031,1.23739624023438,1.28536224365234,5.58501099588569,4.81024788046353,5.19040145819737
348,211.648491733333,2.6658935546875,2.4705810546875,2.5682373046875,1.33294677734375,1.23529052734375,1.28411865234375,5.58181567193048,4.79389033510611,5.18036286295244
349,211.6501584,2.64900207519531,2.46626281738281,2.55763244628906,1.32450103759766,1.23313140869141,1.27881622314453,5.51130541256372,4.77714685312431,5.13766930768021
350,211.651825066667,2.65773010253906,2.46626281738281,2.56199645996094,1.32886505126953,1.23313140869141,1.28099822998047,5.54768293770795,4.77714685312431,5.15521677597413
351,211.653491733333,2.65773010253906,2.46908569335938,2.56340789794922,1.32886505126953,1.23454284667969,1.28170394897461,5.54768293770795,4.78808892353403,5.16089849584057
352,211.6551584,2.65773010253906,2.46908569335938,2.56340789794922,1.32886505126953,1.23454284667969,1.28170394897461,5.54768293770795,4.78808892353403,5.16089849584057
353,211.656825066667,2.65684509277344,2.46253967285156,2.5596923828125,1.32842254638672,1.23126983642578,1.27984619140625,5.54398885597176,4.76273429100039,5.14594847585509
354,211.658491733333,2.6480712890625,2.45848083496094,2.55327606201172,1.32403564453125,1.22924041748047,1.27663803100586,5.50743305213294,4.74704704300354,5.12018235358696
355,211.6601584,2.6480712890625,2.45417785644531,2.55112457275391,1.32403564453125,1.22708892822266,1.27556228637695,5.50743305213294,4.73044446033076,5.11155706137177
356,211.661825066667,2.64271545410156,2.45664978027344,2.5496826171875,1.32135772705078,1.22832489013672,1.27484130859375,5.48517755376496,4.73997855931568,5.10578035002856
357,211.663491733333,2.64271545410156,2.45527648925781,2.54899597167969,1.32135772705078,1.22763824462891,1.27449798583984,5.48517755376496,4.73468065269375,5.10303068303675
358,211.6651584,2.64306640625,2.45527648925781,2.54917144775391,1.321533203125,1.22763824462891,1.27458572387695,5.4866345117331,4.73468065269375,5.10373330526378
359,211.666825066667,2.64306640625,2.44346618652344,2.54326629638672,1.321533203125,1.22173309326172,1.27163314819336,5.4866345117331,4.6892409439932,5.08011511351701
360,211.668491733333,2.64018249511719,2.44322204589844,2.54170227050781,1.32009124755859,1.22161102294922,1.27085113525391,5.47466785519383,4.68830393326009,5.07386882430542
361,211.6701584,2.63945007324219,2.4346923828125,2.53707122802734,1.31972503662109,1.21734619140625,1.26853561401367,5.47163078459622,4.65562589807733,5.055396247077
362,211.671825066667,2.63064575195313,2.43327331542969,2.53195953369141,1.31532287597656,1.21663665771484,1.2659797668457,5.43518861072483,4.65020039007171,5.0350455315023
363,211.673491733333,2.62255859375,2.43309020996094,2.52782440185547,1.311279296875,1.21654510498047,1.26391220092773,5.4018221520779,4.6495005549322,5.0186127449765
364,211.6751584,2.62167358398438,2.43327331542969,2.52747344970703,1.31083679199219,1.21663665771484,1.26373672485352,5.39817696472121,4.65020039007171,5.01721931696891
365,211.676825066667,2.62039184570313,2.42585754394531,2.52312469482422,1.31019592285156,1.21292877197266,1.26156234741211,5.39289990907066,4.62189919237894,4.99996897830878
366,211.678491733333,2.62039184570313,2.42355346679688,2.52197265625,1.31019592285156,1.21177673339844,1.260986328125,5.39289990907066,4.61312361111505,4.99540412891877
367,211.6801584,2.6146240234375,2.41886901855469,2.51674652099609,1.30731201171875,1.20943450927734,1.25837326049805,5.3691850934134,4.59530757830863,4.97472221714841
368,211.681825066667,2.61442565917969,2.41886901855469,2.51664733886719,1.30721282958984,1.20943450927734,1.25832366943359,5.36837043401671,4.59530757830863,4.97433012854206
369,211.683491733333,2.61015319824219,2.41886901855469,2.51451110839844,1.30507659912109,1.20943450927734,1.25725555419922,5.35083892615904,4.59530757830863,4.96588889373075
370,211.6851584,2.61442565917969,2.4151611328125,2.51479339599609,1.30721282958984,1.20758056640625,1.25739669799805,5.36837043401671,4.58123007690704,4.96700393158226
371,211.686825066667,2.61015319824219,2.4151611328125,2.51265716552734,1.30507659912109,1.20758056640625,1.25632858276367,5.35083892615904,4.58123007690704,4.95856891783008
372,211.688491733333,2.60972595214844,2.41650390625,2.51311492919922,1.30486297607422,1.208251953125,1.25655746459961,5.34908735239896,4.58632560783064,4.96037581732327
373,211.6901584,2.60508728027344,2.41751098632813,2.51129913330078,1.30254364013672,1.20875549316406,1.25564956665039,5.33008872203546,4.59014911466077,4.9532103860543
374,211.691825066667,2.60508728027344,2.41650390625,2.51079559326172,1.30254364013672,1.208251953125,1.25539779663086,5.33008872203546,4.58632560783064,4.95122425093523
375,211.693491733333,2.59919738769531,2.4052734375,2.50223541259766,1.29959869384766,1.20263671875,1.25111770629883,5.30601416531354,4.54379565343019,4.91752089066642
376,211.6951584,2.59919738769531,2.4052734375,2.50223541259766,1.29959869384766,1.20263671875,1.25111770629883,5.30601416531354,4.54379565343019,4.91752089066642
377,211.696825066667,2.59892272949219,2.39877319335938,2.49884796142578,1.29946136474609,1.19938659667969,1.24942398071289,5.30489284738329,4.51926965116089,4.90421551870713
378,211.698491733333,2.58717346191406,2.39877319335938,2.49297332763672,1.29358673095703,1.19938659667969,1.24648666381836,5.25703631316655,4.51926965116089,4.88118362173617
379,211.7001584,2.58717346191406,2.39520263671875,2.49118804931641,1.29358673095703,1.19760131835938,1.2455940246582,5.25703631316655,4.50582586337888,4.87419505836017
380,211.701825066667,2.58279418945313,2.39047241210938,2.48663330078125,1.29139709472656,1.19523620605469,1.24331665039063,5.23925435135646,4.48804655548506,4.85638794217659
381,211.703491733333,2.59370422363281,2.39047241210938,2.49208831787109,1.29685211181641,1.19523620605469,1.24604415893555,5.28361032101778,4.48804655548506,4.87771857994041
382,211.7051584,2.5927734375,2.38301086425781,2.48789215087891,1.29638671875,1.19150543212891,1.24394607543945,5.27981881021757,4.46007257837091,4.86130624830092
383,211.706825066667,2.5927734375,2.39198303222656,2.49237823486328,1.29638671875,1.19599151611328,1.24618911743164,5.27981881021757,4.49372064362789,4.87885354433624
384,211.708491733333,2.579833984375,2.38308715820313,2.48146057128906,1.2899169921875,1.19154357910156,1.24073028564453,5.22725155251171,4.46035816832403,4.83620430446421
385,211.7101584,2.579833984375,2.38308715820313,2.48146057128906,1.2899169921875,1.19154357910156,1.24073028564453,5.22725155251171,4.46035816832403,4.83620430446421
386,211.711825066667,2.57521057128906,2.38308715820313,2.47914886474609,1.28760528564453,1.19154357910156,1.23957443237305,5.20853245086599,4.46035816832403,4.82719777200312
387,211.713491733333,2.57521057128906,2.37602233886719,2.47561645507813,1.28760528564453,1.18801116943359,1.23780822753906,5.20853245086599,4.43395131586977,4.81345152842261
388,211.7151584,2.56953430175781,2.36415100097656,2.46684265136719,1.28476715087891,1.18207550048828,1.23342132568359,5.18559650084018,4.38975523382841,4.77939339205024
389,211.716825066667,2.56932067871094,2.36380004882813,2.46656036376953,1.28466033935547,1.18190002441406,1.23328018188477,5.1847343081264,4.38845203476779,4.77829961634152
390,211.718491733333,2.56820678710938,2.36380004882813,2.46600341796875,1.28410339355469,1.18190002441406,1.23300170898438,5.18023975035003,4.38845203476779,4.77614199353073
391,211.7201584,2.56398010253906,2.3677978515625,2.46588897705078,1.28199005126953,1.18389892578125,1.23294448852539,5.16320278725213,4.40330862251859,4.7756987067232
392,211.721825066667,2.56398010253906,2.3677978515625,2.46588897705078,1.28199005126953,1.18389892578125,1.23294448852539,5.16320278725213,4.40330862251859,4.7756987067232
393,211.723491733333,2.56272888183594,2.35868835449219,2.46070861816406,1.28136444091797,1.17934417724609,1.23035430908203,5.1581647373057,4.36949258811646,4.75565413322625
394,211.7251584,2.5614013671875,2.35746765136719,2.45943450927734,1.28070068359375,1.17873382568359,1.22971725463867,5.15282217785236,4.36497103017542,4.75073063072547
395,211.726825066667,2.5614013671875,2.35868835449219,2.46004486083984,1.28070068359375,1.17934417724609,1.23002243041992,5.15282217785236,4.36949258811646,4.75308887661302
396,211.728491733333,2.56059265136719,2.3516845703125,2.45613861083984,1.28029632568359,1.17584228515625,1.22806930541992,5.1495688720534,4.34358196076625,4.73800621462246
397,211.7301584,2.55319213867188,2.34501647949219,2.44910430908203,1.27659606933594,1.17250823974609,1.22455215454102,5.11984576973832,4.31898483818594,4.71090608327893
398,211.731825066667,2.55070495605469,2.34501647949219,2.44786071777344,1.27535247802734,1.17250823974609,1.22393035888672,5.10987567087797,4.31898483818594,4.70612314736474
399,211.733491733333,2.54728698730469,2.34625244140625,2.44676971435547,1.27364349365234,1.17312622070313,1.22338485717773,5.09619028290663,4.32353875715494,4.70192907520194
400,211.7351584,2.54568481445313,2.34625244140625,2.44596862792969,1.27284240722656,1.17312622070313,1.22298431396484,5.08978157435819,4.32353875715494,4.69885070217535
401,211.736825066667,2.54035949707031,2.34434509277344,2.44235229492188,1.27017974853516,1.17217254638672,1.22117614746094,5.06850922203933,4.31651211018118,4.68496659342363
402,211.738491733333,2.53031921386719,2.33769226074219,2.43400573730469,1.26515960693359,1.16884613037109,1.21700286865234,5.02852377664503,4.2920478935255,4.65300025728028
403,211.7401584,2.53031921386719,2.33769226074219,2.43400573730469,1.26515960693359,1.16884613037109,1.21700286865234,5.02852377664503,4.2920478935255,4.65300025728028
404,211.741825066667,2.5250244140625,2.33546447753906,2.43024444580078,1.26251220703125,1.16773223876953,1.21512222290039,5.00750099851623,4.28387128596555,4.63863072017138
405,211.743491733333,2.52931213378906,2.33341979980469,2.43136596679688,1.26465606689453,1.16670989990234,1.21568298339844,5.02452181648447,4.27637358942782,4.64291302366651
406,211.7451584,2.52931213378906,2.33341979980469,2.43136596679688,1.26465606689453,1.16670989990234,1.21568298339844,5.02452181648447,4.27637358942782,4.64291302366651
407,211.746825066667,2.52951049804688,2.33341979980469,2.43146514892578,1.26475524902344,1.16670989990234,1.21573257446289,5.02530995537076,4.27637358942782,4.643291825868
408,211.748491733333,2.53135681152344,2.33580017089844,2.43357849121094,1.26567840576172,1.16790008544922,1.21678924560547,5.0326486745893,4.28510287866061,4.65136689900435
409,211.7501584,2.53660583496094,2.33580017089844,2.43620300292969,1.26830291748047,1.16790008544922,1.21810150146484,5.05354172242289,4.28510287866061,4.66140491475085
410,211.751825066667,2.53584289550781,2.33580017089844,2.43582153320313,1.26792144775391,1.16790008544922,1.21791076660156,5.05050225410255,4.28510287866061,4.65994522880622
411,211.753491733333,2.53584289550781,2.32528686523438,2.43056488037109,1.26792144775391,1.16264343261719,1.21528244018555,5.05050225410255,4.24661567258828,4.6398540338473
412,211.7551584,2.5238037109375,2.31816101074219,2.42098236083984,1.26190185546875,1.15908050537109,1.21049118041992,5.00266049517555,4.22062799882878,4.60334083694895
413,211.756825066667,2.52104187011719,2.31816101074219,2.41960144042969,1.26052093505859,1.15908050537109,1.20980072021484,4.99171749508138,4.22062799882878,4.59809087358119
414,211.758491733333,2.52104187011719,2.31816101074219,2.41960144042969,1.26052093505859,1.15908050537109,1.20980072021484,4.99171749508138,4.22062799882878,4.59809087358119
415,211.7601584,2.51594543457031,2.3154296875,2.41568756103516,1.25797271728516,1.15771484375,1.20784378051758,4.97155578925398,4.21068813007335,4.58322741912151
416,211.761825066667,2.51483154296875,2.3154296875,2.41513061523438,1.25741577148438,1.15771484375,1.20756530761719,4.96715462197341,4.21068813007335,4.58111430230171
417,211.763491733333,2.51483154296875,2.31369018554688,2.41426086425781,1.25741577148438,1.15684509277344,1.20713043212891,4.96715462197341,4.20436381891469,4.57781534102387
418,211.7651584,2.50907897949219,2.30885314941406,2.40896606445313,1.25453948974609,1.15442657470703,1.20448303222656,4.94445632902411,4.18680278004408,4.55775782623359
419,211.766825066667,2.50215148925781,2.30885314941406,2.40550231933594,1.25107574462891,1.15442657470703,1.20275115966797,4.91719103532662,4.18680278004408,4.54466045470978
420,211.768491733333,2.50215148925781,2.306884765625,2.40451812744141,1.25107574462891,1.1534423828125,1.2022590637207,4.91719103532662,4.17966701071921,4.54094239304901
421,211.7701584,2.50215148925781,2.31373596191406,2.40794372558594,1.25107574462891,1.15686798095703,1.20397186279297,4.91719103532662,4.20453018726174,4.55389012190532
422,211.771825066667,2.49398803710938,2.30793762207031,2.40096282958984,1.24699401855469,1.15396881103516,1.20048141479492,4.88515798536437,4.18348306050729,4.52752393130479
423,211.773491733333,2.49398803710938,2.30793762207031,2.40096282958984,1.24699401855469,1.15396881103516,1.20048141479492,4.88515798536437,4.18348306050729,4.52752393130479
424,211.7751584,2.50418090820313,2.30496215820313,2.40457153320313,1.25209045410156,1.15248107910156,1.20228576660156,4.9251706381091,4.17270306496292,4.5411441092913
425,211.776825066667,2.50418090820313,2.30496215820313,2.40457153320313,1.25209045410156,1.15248107910156,1.20228576660156,4.9251706381091,4.17270306496292,4.5411441092913
426,211.778491733333,2.49884033203125,2.31085205078125,2.40484619140625,1.24942016601563,1.15542602539063,1.20242309570313,4.90418557199687,4.19405540982522,4.54218157787746
427,211.7801584,2.49884033203125,2.31085205078125,2.40484619140625,1.24942016601563,1.15542602539063,1.20242309570313,4.90418557199687,4.19405540982522,4.54218157787746
428,211.781825066667,2.49884033203125,2.31498718261719,2.40691375732422,1.24942016601563,1.15749359130859,1.20345687866211,4.90418557199687,4.20907886331522,4.54999521429536
429,211.783491733333,2.49360656738281,2.30467224121094,2.39913940429688,1.24680328369141,1.15233612060547,1.19956970214844,4.88366367397744,4.17165344995081,4.52064963348841
430,211.7851584,2.48927307128906,2.30467224121094,2.39697265625,1.24463653564453,1.15233612060547,1.198486328125,4.86670434410185,4.17165344995081,4.51248780213252
431,211.786825066667,2.48617553710938,2.30101013183594,2.39359283447266,1.24308776855469,1.15050506591797,1.19679641723633,4.85460008439085,4.15840652193452,4.49977121817289
432,211.788491733333,2.48927307128906,2.29954528808594,2.3944091796875,1.24463653564453,1.14977264404297,1.19720458984375,4.86670434410185,4.1531136492137,4.50284107454759
433,211.7901584,2.48403930664063,2.29794311523438,2.3909912109375,1.24201965332031,1.14897155761719,1.19549560546875,4.84626110023869,4.14732842903605,4.48999482808986
434,211.791825066667,2.48403930664063,2.29794311523438,2.3909912109375,1.24201965332031,1.14897155761719,1.19549560546875,4.84626110023869,4.14732842903605,4.48999482808986
435,211.793491733333,2.47879028320313,2.29093933105469,2.38486480712891,1.23939514160156,1.14546966552734,1.19243240356445,4.82580147114444,4.12208609155709,4.46701500263647
436,211.7951584,2.47879028320313,2.28843688964844,2.38361358642578,1.23939514160156,1.14421844482422,1.19180679321289,4.82580147114444,4.11308572653005,4.46232898819944
437,211.796825066667,2.47633361816406,2.28585815429688,2.38109588623047,1.23816680908203,1.14292907714844,1.19054794311523,4.81624075674231,4.10382125121032,4.45290726546116
438,211.798491733333,2.47633361816406,2.28109741210938,2.37871551513672,1.23816680908203,1.14054870605469,1.18935775756836,4.81624075674231,4.08674504734646,4.44400861200795
439,211.8001584,2.47386169433594,2.28109741210938,2.37747955322266,1.23693084716797,1.14054870605469,1.18873977661133,4.80663022760234,4.08674504734646,4.43939166778512
440,211.801825066667,2.47322082519531,2.28109741210938,2.37715911865234,1.23661041259766,1.14054870605469,1.18857955932617,4.80414017572168,4.08674504734646,4.43819507394218
441,211.803491733333,2.47061157226563,2.28440856933594,2.37751007080078,1.23530578613281,1.14220428466797,1.18875503540039,4.79400876783359,4.09861799630244,4.43950563751527
442,211.8051584,2.47061157226563,2.27630615234375,2.37345886230469,1.23530578613281,1.13815307617188,1.18672943115234,4.79400876783359,4.06959532526598,4.4243889489188
443,211.806825066667,2.46937561035156,2.27622985839844,2.372802734375,1.23468780517578,1.13811492919922,1.1864013671875,4.78921341252208,4.06932253218877,4.42194309746213
444,211.808491733333,2.46725463867188,2.27622985839844,2.37174224853516,1.23362731933594,1.13811492919922,1.18587112426758,4.78098993800422,4.06932253218877,4.41799134871879
445,211.8101584,2.46412658691406,2.28019714355469,2.37216186523438,1.23206329345703,1.14009857177734,1.18608093261719,4.76887468775542,4.0835198961374,4.41955477909908
446,211.811825066667,2.46725463867188,2.28019714355469,2.37372589111328,1.23362731933594,1.14009857177734,1.18686294555664,4.78098993800422,4.0835198961374,4.42538454718947
447,211.813491733333,2.46580505371094,2.27597045898438,2.37088775634766,1.23290252685547,1.13798522949219,1.18544387817383,4.77537364280584,4.06839510411767,4.41480849101999
448,211.8151584,2.46580505371094,2.27365112304688,2.36972808837891,1.23290252685547,1.13682556152344,1.18486404418945,4.77537364280584,4.06010750350012,4.41049073292803
449,211.816825066667,2.46580505371094,2.26890563964844,2.36735534667969,1.23290252685547,1.13445281982422,1.18367767333984,4.77537364280584,4.04317696769249,4.40166295543281
450,211.818491733333,2.46200561523438,2.26890563964844,2.36545562744141,1.23100280761719,1.13445281982422,1.1827278137207,4.76066870096027,4.04317696769249,4.39460143107483
451,211.8201584,2.46200561523438,2.26573181152344,2.36386871337891,1.23100280761719,1.13286590576172,1.18193435668945,4.76066870096027,4.03187339175604,4.38870699327355
452,211.821825066667,2.4549560546875,2.26243591308594,2.35869598388672,1.22747802734375,1.13121795654297,1.17934799194336,4.73344490073972,4.02015181038513,4.36952085521389
453,211.823491733333,2.45489501953125,2.26243591308594,2.35866546630859,1.22744750976563,1.13121795654297,1.1793327331543,4.73320953770162,4.02015181038513,4.36940778737273
454,211.8251584,2.45489501953125,2.26742553710938,2.36116027832031,1.22744750976563,1.13371276855469,1.18058013916016,4.73320953770162,4.03790361962495,4.3786559119771
455,211.826825066667,2.45481872558594,2.26750183105469,2.36116027832031,1.22740936279297,1.13375091552734,1.18058013916016,4.7329153421329,4.0381753575725,4.3786559119771
456,211.828491733333,2.45481872558594,2.26750183105469,2.36116027832031,1.22740936279297,1.13375091552734,1.18058013916016,4.7329153421329,4.0381753575725,4.3786559119771
457,211.8301584,2.45188903808594,2.26469421386719,2.35829162597656,1.22594451904297,1.13234710693359,1.17914581298828,4.72162514897104,4.02818142393648,4.36802282504349
458,211.831825066667,2.45188903808594,2.2640380859375,2.35796356201172,1.22594451904297,1.13201904296875,1.17898178100586,4.72162514897104,4.02584767004054,4.36680763079149
459,211.833491733333,2.45188903808594,2.259765625,2.35582733154297,1.22594451904297,1.1298828125,1.17791366577148,4.72162514897104,4.01066767133267,4.35889887255997
460,211.8351584,2.44755554199219,2.26373291015625,2.35564422607422,1.22377777099609,1.13186645507813,1.17782211303711,4.70494979197549,4.0247624335218,4.35822131254259
461,211.836825066667,2.45011901855469,2.256103515625,2.35311126708984,1.22505950927734,1.1280517578125,1.17655563354492,4.71481052399456,3.99767906539081,4.34885380225675
462,211.838491733333,2.45011901855469,2.26115417480469,2.35563659667969,1.22505950927734,1.13057708740234,1.17781829833984,4.71481052399456,4.01559802582172,4.3581930820181
463,211.8401584,2.45011901855469,2.256103515625,2.35311126708984,1.22505950927734,1.1280517578125,1.17655563354492,4.71481052399456,3.99767906539081,4.34885380225675
464,211.841825066667,2.45063781738281,2.25527954101563,2.35295867919922,1.22531890869141,1.12763977050781,1.17647933959961,4.71680740424692,3.99475953221482,4.34828981625019
465,211.843491733333,2.44673156738281,2.25527954101563,2.35100555419922,1.22336578369141,1.12763977050781,1.17550277709961,4.7017824631521,3.99475953221482,4.34107402548925
466,211.8451584,2.44673156738281,2.25553894042969,2.35113525390625,1.22336578369141,1.12776947021484,1.17556762695313,4.7017824631521,3.99567852948903,4.34155301334959
467,211.846825066667,2.44215393066406,2.25553894042969,2.34884643554688,1.22107696533203,1.12776947021484,1.17442321777344,4.68420561214856,3.99567852948903,4.33310416770697
468,211.848491733333,2.44215393066406,2.25051879882813,2.34633636474609,1.22107696533203,1.12525939941406,1.17316818237305,4.68420561214856,3.97791200000176,4.32384806087297
469,211.8501584,2.44340515136719,2.24954223632813,2.34647369384766,1.22170257568359,1.12477111816406,1.17323684692383,4.68900668253242,3.97446049641564,4.32435421809359
470,211.851825066667,2.44340515136719,2.24954223632813,2.34647369384766,1.22170257568359,1.12477111816406,1.17323684692383,4.68900668253242,3.97446049641564,4.32435421809359
471,211.853491733333,2.44744873046875,2.24356079101563,2.34550476074219,1.22372436523438,1.12178039550781,1.17275238037109,4.70453915215069,3.95335272439221,4.32078363055286
472,211.8551584,2.44094848632813,2.252685546875,2.34681701660156,1.22047424316406,1.1263427734375,1.17340850830078,4.67958251653807,3.98557537274343,4.32561974075055
473,211.856825066667,2.4405517578125,2.24386596679688,2.34220886230469,1.22027587890625,1.12193298339844,1.17110443115234,4.67806149062124,3.95442829102245,4.30864904985315
474,211.858491733333,2.43745422363281,2.24386596679688,2.34066009521484,1.21872711181641,1.12193298339844,1.17033004760742,4.66619428910466,3.95442829102245,4.30295281354205
475,211.8601584,2.43745422363281,2.24095153808594,2.33920288085938,1.21872711181641,1.12047576904297,1.16960144042969,4.66619428910466,3.9441626022496,4.29759674088583
476,211.861825066667,2.43443298339844,2.24095153808594,2.33769226074219,1.21721649169922,1.12047576904297,1.16884613037109,4.65463390228815,3.9441626022496,4.2920478935255
477,211.863491733333,2.43443298339844,2.24116516113281,2.33779907226563,1.21721649169922,1.12058258056641,1.16889953613281,4.65463390228815,3.94491460797365,4.29244011850324
478,211.8651584,2.43778991699219,2.24116516113281,2.3394775390625,1.21889495849609,1.12058258056641,1.16973876953125,4.66747966159416,3.94491460797365,4.29860600733726
479,211.866825066667,2.43778991699219,2.23905944824219,2.33842468261719,1.21889495849609,1.11952972412109,1.16921234130859,4.66747966159416,3.93750510930401,4.29473779610788
480,211.868491733333,2.42913818359375,2.23905944824219,2.33409881591797,1.21456909179688,1.11952972412109,1.16704940795898,4.63440861493232,3.93750510930401,4.27886276780923
481,211.8701584,2.42913818359375,2.24745178222656,2.33829498291016,1.21456909179688,1.12372589111328,1.16914749145508,4.63440861493232,3.9670771570985,4.29426139779541
482,211.871825066667,2.430419921875,2.24745178222656,2.33893585205078,1.2152099609375,1.12372589111328,1.16946792602539,4.63930061006355,3.9670771570985,4.29661562321835
483,211.873491733333,2.430419921875,2.24240112304688,2.33641052246094,1.2152099609375,1.12120056152344,1.16820526123047,4.63930061006355,3.94926690537859,4.28734259161079
484,211.8751584,2.430419921875,2.23855590820313,2.33448791503906,1.2152099609375,1.11927795410156,1.16724395751953,4.63930061006355,3.93573430457145,4.28028947734027
485,211.876825066667,2.42318725585938,2.23309326171875,2.32814025878906,1.21159362792969,1.11654663085938,1.16407012939453,4.61172958477397,3.91654935330408,4.25704423571122
486,211.878491733333,2.42318725585938,2.23309326171875,2.32814025878906,1.21159362792969,1.11654663085938,1.16407012939453,4.61172958477397,3.91654935330408,4.25704423571122
487,211.8801584,2.42184448242188,2.24148559570313,2.3316650390625,1.21092224121094,1.12074279785156,1.16583251953125,4.60661995717175,3.94604275096534,4.26994423544799
488,211.881825066667,2.41900634765625,2.24148559570313,2.33024597167969,1.20950317382813,1.12074279785156,1.16512298583984,4.5958293819867,3.94604275096534,4.26474838217413
489,211.883491733333,2.41844177246094,2.24148559570313,2.32996368408203,1.20922088623047,1.12074279785156,1.16498184204102,4.59368437853584,3.94604275096534,4.26371517566265
490,211.8851584,2.41900634765625,2.23593139648438,2.32746887207031,1.20950317382813,1.11796569824219,1.16373443603516,4.5958293819867,3.92651110347382,4.25458930556781
491,211.886825066667,2.41867065429688,2.22953796386719,2.32410430908203,1.20933532714844,1.11476898193359,1.16205215454102,4.59455391418406,3.90408823923152,4.24229742300156
492,211.888491733333,2.42582702636719,2.22735595703125,2.32659149169922,1.21291351318359,1.11367797851563,1.16329574584961,4.62178290502082,3.89645026329631,4.25138222546577
493,211.8901584,2.43057250976563,2.22735595703125,2.32896423339844,1.21528625488281,1.11367797851563,1.16448211669922,4.63988316232919,3.89645026329631,4.2600580722439
494,211.891825066667,2.43057250976563,2.22471618652344,2.32764434814453,1.21528625488281,1.11235809326172,1.16382217407227,4.63988316232919,3.88721991163797,4.25523086669141
495,211.893491733333,2.42440795898438,2.22471618652344,2.32456207275391,1.21220397949219,1.11235809326172,1.16228103637695,4.61637715847835,3.88721991163797,4.24396874290446
496,211.8951584,2.41297912597656,2.22331237792969,2.31814575195313,1.20648956298828,1.11165618896484,1.15907287597656,4.5729558797278,3.8823157435654,4.22057243628581
497,211.896825066667,2.41159057617188,2.22244262695313,2.3170166015625,1.20579528808594,1.11122131347656,1.15850830078125,4.56769437544503,3.8792788446778,4.21646182300512
498,211.898491733333,2.41297912597656,2.22331237792969,2.31814575195313,1.20648956298828,1.11165618896484,1.15907287597656,4.5729558797278,3.8823157435654,4.22057243628581
499,211.9001584,2.41632080078125,2.22132873535156,2.31882476806641,1.20816040039063,1.11066436767578,1.1594123840332,4.58563059593204,3.87539121833113,4.22304532342863
500,211.901825066667,2.41632080078125,2.22593688964844,2.32112884521484,1.20816040039063,1.11296844482422,1.16056442260742,4.58563059593204,3.89148692183321,4.23144186682408
501,211.903491733333,2.41545104980469,2.21908569335938,2.31726837158203,1.20772552490234,1.10954284667969,1.15863418579102,4.58233000862076,3.86756862432869,4.21737820517612
502,211.9051584,2.40762329101563,2.21987915039063,2.31375122070313,1.20381164550781,1.10993957519531,1.15687561035156,4.55267819430367,3.87033489708648,4.20458564410889
503,211.906825066667,2.41236877441406,2.21987915039063,2.31612396240234,1.20618438720703,1.10993957519531,1.15806198120117,4.57064275754841,3.87033489708648,4.21321363399073
504,211.908491733333,2.40762329101563,2.21987915039063,2.31375122070313,1.20381164550781,1.10993957519531,1.15687561035156,4.55267819430367,3.87033489708648,4.20458564410889
505,211.9101584,2.40785217285156,2.22325134277344,2.3155517578125,1.20392608642578,1.11162567138672,1.15777587890625,4.55354384041845,3.88210258908666,4.21113211985874
506,211.911825066667,2.40785217285156,2.21002197265625,2.30893707275391,1.20392608642578,1.10501098632813,1.15446853637695,4.55354384041845,3.83603944742334,4.18710715354531
507,211.913491733333,2.41090393066406,2.21562194824219,2.31326293945313,1.20545196533203,1.10781097412109,1.15663146972656,4.56509365180017,3.8555043611637,4.20281120640215
508,211.9151584,2.41310119628906,2.21562194824219,2.31436157226563,1.20655059814453,1.10781097412109,1.15718078613281,4.57341857438375,3.8555043611637,4.20680421789282
509,211.916825066667,2.41090393066406,2.21562194824219,2.31326293945313,1.20545196533203,1.10781097412109,1.15663146972656,4.56509365180017,3.8555043611637,4.20281120640215
510,211.918491733333,2.408935546875,2.21273803710938,2.31083679199219,1.2044677734375,1.10636901855469,1.15541839599609,4.55764234860062,3.84547404384073,4.19400002246669
511,211.9201584,2.408935546875,2.21273803710938,2.31083679199219,1.2044677734375,1.10636901855469,1.15541839599609,4.55764234860062,3.84547404384073,4.19400002246669
512,211.921825066667,2.408935546875,2.21559143066406,2.31226348876953,1.2044677734375,1.10779571533203,1.15613174438477,4.55764234860062,3.85539815184823,4.19918032204124
513,211.923491733333,2.405029296875,2.21559143066406,2.31031036376953,1.2025146484375,1.10779571533203,1.15515518188477,4.54287328943288,3.85539815184823,4.19208938256086
514,211.9251584,2.405029296875,2.2125244140625,2.30877685546875,1.2025146484375,1.10626220703125,1.15438842773438,4.54287328943288,3.844731577074,4.18652608646154
515,211.926825066667,2.40536499023438,2.20942687988281,2.30739593505859,1.20268249511719,1.10471343994141,1.1536979675293,4.54414156406733,3.83397386433209,4.18151951307194
516,211.928491733333,2.40536499023438,2.20942687988281,2.30739593505859,1.20268249511719,1.10471343994141,1.1536979675293,4.54414156406733,3.83397386433209,4.18151951307194
517,211.9301584,2.40283203125,2.21237182617188,2.30760192871094,1.201416015625,1.10618591308594,1.15380096435547,4.5345762266612,3.84420128755675,4.1822661598985
518,211.931825066667,2.39898681640625,2.21237182617188,2.30567932128906,1.19949340820313,1.10618591308594,1.15283966064453,4.52007461525088,3.84420128755675,4.17530004829199
519,211.933491733333,2.39898681640625,2.20454406738281,2.30176544189453,1.19949340820313,1.10227203369141,1.15088272094727,4.52007461525088,3.81704649775361,4.16113697646891
520,211.9351584,2.39898681640625,2.20454406738281,2.30176544189453,1.19949340820313,1.10227203369141,1.15088272094727,4.52007461525088,3.81704649775361,4.16113697646891
521,211.936825066667,2.39668273925781,2.210205078125,2.30344390869141,1.19834136962891,1.1051025390625,1.1517219543457,4.51139628548932,3.83667512336465,4.16720786157421
522,211.938491733333,2.40251159667969,2.210205078125,2.30635833740234,1.20125579833984,1.1051025390625,1.15317916870117,4.53336687196672,3.83667512336465,4.17775963878952
523,211.9401584,2.40109252929688,2.206787109375,2.30393981933594,1.20054626464844,1.1033935546875,1.15196990966797,4.52801309705194,3.82481785634189,4.16900237906593
524,211.941825066667,2.401123046875,2.206787109375,2.303955078125,1.2005615234375,1.1033935546875,1.1519775390625,4.52812819871496,3.82481785634189,4.16905760111472
525,211.943491733333,2.40109252929688,2.20439147949219,2.30274200439453,1.20054626464844,1.10219573974609,1.15137100219727,4.52801309705194,3.81651812100174,4.16466858944905
526,211.9451584,2.40077209472656,2.20765686035156,2.30421447753906,1.20038604736328,1.10382843017578,1.15210723876953,4.52680461791393,3.82783336663571,4.16999643190079
527,211.946825066667,2.40077209472656,2.20716857910156,2.30397033691406,1.20038604736328,1.10358428955078,1.15198516845703,4.52680461791393,3.82614030228421,4.16911282352924
528,211.948491733333,2.4039306640625,2.20765686035156,2.30579376220703,1.20196533203125,1.10382843017578,1.15289688110352,4.53872381007613,3.82783336663571,4.17571453527132
529,211.9501584,2.4039306640625,2.20716857910156,2.30554962158203,1.20196533203125,1.10358428955078,1.15277481079102,4.53872381007613,3.82614030228421,4.17483032125168
530,211.951825066667,2.39682006835938,2.20625305175781,2.30153656005859,1.19841003417969,1.10312652587891,1.1507682800293,4.5119133032309,3.82296681603863,4.16030947137143
531,211.953491733333,2.39431762695313,2.20133972167969,2.29782867431641,1.19715881347656,1.10066986083984,1.1489143371582,4.50249673947323,3.80595826628426,4.14691535331551
532,211.9551584,2.39520263671875,2.19696044921875,2.29608154296875,1.19760131835938,1.09848022460938,1.14804077148438,4.50582586337888,3.79083043358931,4.14061161841965
533,211.956825066667,2.39520263671875,2.19696044921875,2.29608154296875,1.19760131835938,1.09848022460938,1.14804077148438,4.50582586337888,3.79083043358931,4.14061161841965
534,211.958491733333,2.39520263671875,2.20101928710938,2.29811096191406,1.19760131835938,1.10050964355469,1.14905548095703,4.50582586337888,3.80485033021428,4.14793431063917
535,211.9601584,2.39955139160156,2.20101928710938,2.30028533935547,1.19977569580078,1.10050964355469,1.15014266967773,4.52220236541164,3.80485033021428,4.15578723134484
536,211.961825066667,2.39140319824219,2.19863891601563,2.29502105712891,1.19570159912109,1.09931945800781,1.14751052856445,4.49154228692488,3.79662499724186,4.13678767239409
537,211.963491733333,2.39955139160156,2.19863891601563,2.29909515380859,1.19977569580078,1.09931945800781,1.1495475769043,4.52220236541164,3.79662499724186,4.15148787054492
538,211.9651584,2.39140319824219,2.20219421386719,2.29679870605469,1.19570159912109,1.10109710693359,1.14839935302734,4.49154228692488,3.80891355098373,4.14319859758343
539,211.966825066667,2.391845703125,2.20219421386719,2.29701995849609,1.1959228515625,1.10109710693359,1.14850997924805,4.49320466931263,3.80891355098373,4.14399687124616
540,211.968491733333,2.391845703125,2.20367431640625,2.29776000976563,1.1959228515625,1.10183715820313,1.14888000488281,4.49320466931263,3.81403524016264,4.14666751775788
541,211.9701584,2.39959716796875,2.19012451171875,2.29486083984375,1.19979858398438,1.09506225585938,1.14743041992188,4.52237490763872,3.76727646943216,4.13621010753619
542,211.971825066667,2.39993286132813,2.19329833984375,2.29661560058594,1.19996643066406,1.09664916992188,1.14830780029297,4.52364031787956,3.77820310989631,4.14253801546181
543,211.973491733333,2.39993286132813,2.19329833984375,2.29661560058594,1.19996643066406,1.09664916992188,1.14830780029297,4.52364031787956,3.77820310989631,4.14253801546181
544,211.9751584,2.39993286132813,2.19601440429688,2.2979736328125,1.19996643066406,1.09800720214844,1.14898681640625,4.52364031787956,3.78756635687313,4.14743858603596
545,211.976825066667,2.39836120605469,2.19900512695313,2.29868316650391,1.19918060302734,1.09950256347656,1.14934158325195,4.51771742284721,3.79788985376821,4.15000014868962
546,211.978491733333,2.40032958984375,2.19869995117188,2.29951477050781,1.20016479492188,1.09934997558594,1.14975738525391,4.52513603092487,3.79683579203374,4.15300341687351
547,211.9801584,2.39836120605469,2.19869995117188,2.29853057861328,1.19918060302734,1.09934997558594,1.14926528930664,4.51771742284721,3.79683579203374,4.14944920825502
548,211.981825066667,2.3916015625,2.19070434570313,2.29115295410156,1.19580078125,1.09535217285156,1.14557647705078,4.49228745478697,3.76927150128753,4.12285487109985
549,211.983491733333,2.3916015625,2.18782043457031,2.28971099853516,1.19580078125,1.09391021728516,1.14485549926758,4.49228745478697,3.75935406162636,4.1176670002842
550,211.9851584,2.3916015625,2.18782043457031,2.28971099853516,1.19580078125,1.09391021728516,1.14485549926758,4.49228745478697,3.75935406162636,4.1176670002842
551,211.986825066667,2.39277648925781,2.18765258789063,2.29021453857422,1.19638824462891,1.09382629394531,1.14510726928711,4.49670240860751,3.75877725844591,4.11947826658786
552,211.988491733333,2.38330078125,2.19078063964844,2.28704071044922,1.191650390625,1.09539031982422,1.14352035522461,4.46115786883476,3.76953404479495,4.10806845646633
553,211.9901584,2.38343811035156,2.18624877929688,2.28484344482422,1.19171905517578,1.09312438964844,1.14242172241211,4.46167199987324,3.75395481921767,4.10017862620037
554,211.991825066667,2.38343811035156,2.18624877929688,2.28484344482422,1.19171905517578,1.09312438964844,1.14242172241211,4.46167199987324,3.75395481921767,4.10017862620037
555,211.993491733333,2.38343811035156,2.18624877929688,2.28484344482422,1.19171905517578,1.09312438964844,1.14242172241211,4.46167199987324,3.75395481921767,4.10017862620037
556,211.9951584,2.3875732421875,2.18412780761719,2.28585052490234,1.19378662109375,1.09206390380859,1.14292526245117,4.47716693247652,3.74667461416219,4.10379385701782
557,211.996825066667,2.3875732421875,2.18661499023438,2.28709411621094,1.19378662109375,1.09330749511719,1.14354705810547,4.47716693247652,3.75521254840714,4.10826031757811
558,211.998491733333,2.39013671875,2.18516540527344,2.28765106201172,1.195068359375,1.09258270263672,1.14382553100586,4.48678613379487,3.75023527045496,4.11026142186928
559,212.0001584,2.3978271484375,2.18867492675781,2.29325103759766,1.19891357421875,1.09433746337891,1.14662551879883,4.51570567184971,3.76229120028997,4.13040919376771
560,212.001825066667,2.39747619628906,2.18516540527344,2.29132080078125,1.19873809814453,1.09258270263672,1.14566040039063,4.51438390799294,3.75023527045496,4.12345896245696
561,212.003491733333,2.39747619628906,2.184326171875,2.29090118408203,1.19873809814453,1.0921630859375,1.14545059204102,4.51438390799294,3.74735519711692,4.12194881703906
562,212.0051584,2.38552856445313,2.184326171875,2.28492736816406,1.19276428222656,1.0921630859375,1.14246368408203,4.46950187445323,3.74735519711692,4.10047983458691
563,212.006825066667,2.38552856445313,2.18597412109375,2.28575134277344,1.19276428222656,1.09298706054688,1.14287567138672,4.46950187445323,3.75301166057133,4.10343774083558
564,212.008491733333,2.39555358886719,2.18597412109375,2.29076385498047,1.19777679443359,1.09298706054688,1.14538192749023,4.50714637388059,3.75301166057133,4.12145464770064
565,212.0101584,2.39555358886719,2.18597412109375,2.29076385498047,1.19777679443359,1.09298706054688,1.14538192749023,4.50714637388059,3.75301166057133,4.12145464770064
566,212.011825066667,2.39688110351563,2.18771362304688,2.29229736328125,1.19844055175781,1.09385681152344,1.14614868164063,4.51214309840279,3.75898699993677,4.1269745535583
567,212.013491733333,2.38595581054688,2.18771362304688,2.28683471679688,1.19297790527344,1.09385681152344,1.14341735839844,4.47110298562594,3.75898699993677,4.1073284627169
568,212.0151584,2.38920593261719,2.19322204589844,2.29121398925781,1.19460296630859,1.09661102294922,1.14560699462891,4.48329225404361,3.77794026466203,4.12307453556404
569,212.016825066667,2.38595581054688,2.18901062011719,2.28748321533203,1.19297790527344,1.09450531005859,1.14374160766602,4.47110298562594,3.76344538998947,4.10965829804961
570,212.018491733333,2.38920593261719,2.18901062011719,2.28910827636719,1.19460296630859,1.09450531005859,1.14455413818359,4.48329225404361,3.76344538998947,4.11549949308454
571,212.0201584,2.37773132324219,2.18426513671875,2.28099822998047,1.18886566162109,1.09213256835938,1.14049911499023,4.44033196180928,3.74714578039387,4.08638967167507
572,212.021825066667,2.392822265625,2.18426513671875,2.28854370117188,1.1964111328125,1.09213256835938,1.14427185058594,4.49687446368287,3.74714578039387,4.11346968748356
573,212.023491733333,2.3837890625,2.18832397460938,2.28605651855469,1.19189453125,1.09416198730469,1.14302825927734,4.46298602489337,3.76108473668735,4.10453353230826
574,212.0251584,2.3837890625,2.18832397460938,2.28605651855469,1.19189453125,1.09416198730469,1.14302825927734,4.46298602489337,3.76108473668735,4.10453353230826
575,212.026825066667,2.3837890625,2.181884765625,2.2828369140625,1.19189453125,1.0909423828125,1.14141845703125,4.46298602489337,3.73898309249944,4.09298030190413
576,212.028491733333,2.38128662109375,2.17543029785156,2.27835845947266,1.19064331054688,1.08771514892578,1.13917922973633,4.45362068374932,3.71689443701257,4.07693689008877
577,212.0301584,2.38128662109375,2.17320251464844,2.27724456787109,1.19064331054688,1.08660125732422,1.13862228393555,4.45362068374932,3.70928564793882,4.07295142798685
578,212.031825066667,2.38128662109375,2.17320251464844,2.27724456787109,1.19064331054688,1.08660125732422,1.13862228393555,4.45362068374932,3.70928564793882,4.07295142798685
579,212.033491733333,2.38456726074219,2.17286682128906,2.27871704101563,1.19228363037109,1.08643341064453,1.13935852050781,4.46590042267831,3.70813979394654,4.07822029600492
580,212.0351584,2.38456726074219,2.17488098144531,2.27972412109375,1.19228363037109,1.08744049072266,1.13986206054688,4.46590042267831,3.71501757309651,4.08182583535582
581,212.036825066667,2.36872863769531,2.17469787597656,2.27171325683594,1.18436431884766,1.08734893798828,1.13585662841797,4.40677120204036,3.71439205712126,4.05318947453645
582,212.038491733333,2.36872863769531,2.17469787597656,2.27171325683594,1.18436431884766,1.08734893798828,1.13585662841797,4.40677120204036,3.71439205712126,4.05318947453645
583,212.0401584,2.3680419921875,2.16156005859375,2.26480102539063,1.18402099609375,1.08078002929688,1.13240051269531,4.40421670843545,3.66964873674237,4.02856140136406
584,212.041825066667,2.373779296875,2.16156005859375,2.26766967773438,1.1868896484375,1.08078002929688,1.13383483886719,4.42558368028416,3.66964873674237,4.0387732132413
585,212.043491733333,2.3680419921875,2.16323852539063,2.26564025878906,1.18402099609375,1.08161926269531,1.13282012939453,4.40421670843545,3.67534996622146,4.03154756186392
586,212.0451584,2.36941528320313,2.16323852539063,2.26632690429688,1.18470764160156,1.08161926269531,1.13316345214844,4.40932643624755,3.67534996622146,4.03399160698249
587,212.046825066667,2.35128784179688,2.16323852539063,2.25726318359375,1.17564392089844,1.08161926269531,1.12863159179688,4.34211656230938,3.67534996622146,4.0017898447127
588,212.048491733333,2.35821533203125,2.16305541992188,2.26063537597656,1.17910766601563,1.08152770996094,1.13031768798828,4.36774020664273,3.67472779886569,4.01375556096138
589,212.0501584,2.35128784179688,2.15957641601563,2.25543212890625,1.17564392089844,1.07978820800781,1.12771606445313,4.34211656230938,3.66291662546577,3.99530010604617
590,212.051825066667,2.34855651855469,2.15528869628906,2.25192260742188,1.17427825927734,1.07764434814453,1.12596130371094,4.33203456777098,3.64838602724803,3.98287616088185
591,212.053491733333,2.34530639648438,2.15516662597656,2.25023651123047,1.17265319824219,1.07758331298828,1.12511825561523,4.3200528259862,3.64797276751981,3.97691414581999
592,212.0551584,2.34530639648438,2.15516662597656,2.25023651123047,1.17265319824219,1.07758331298828,1.12511825561523,4.3200528259862,3.64797276751981,3.97691414581999
593,212.056825066667,2.34530639648438,2.15216064453125,2.24873352050781,1.17265319824219,1.07608032226563,1.12436676025391,4.3200528259862,3.63780363170592,3.97160335395276
594,212.058491733333,2.32963562011719,2.15216064453125,2.24089813232422,1.16481781005859,1.07608032226563,1.12044906616211,4.26251457941299,3.63780363170592,3.94397461201905
595,212.0601584,2.32963562011719,2.14401245117188,2.23682403564453,1.16481781005859,1.07200622558594,1.11841201782227,4.26251457941299,3.61030994504351,3.92964685013597
596,212.061825066667,2.326171875,2.14401245117188,2.23509216308594,1.1630859375,1.07200622558594,1.11754608154297,4.24984883199377,3.61030994504351,3.92356410711959
597,212.063491733333,2.32493591308594,2.14488220214844,2.23490905761719,1.16246795654297,1.07244110107422,1.11745452880859,4.24533389832866,3.6132396924964,3.92292127312012
598,212.0651584,2.32493591308594,2.15315246582031,2.23904418945313,1.16246795654297,1.07657623291016,1.11952209472656,4.24533389832866,3.64115736134508,3.93745144270286
599,212.066825066667,2.33474731445313,2.15315246582031,2.24394989013672,1.16737365722656,1.07657623291016,1.12197494506836,4.28124074914741,3.64115736134508,3.95472409749255
600,212.068491733333,2.33474731445313,2.15567016601563,2.24520874023438,1.16737365722656,1.07783508300781,1.12260437011719,4.28124074914741,3.64967761476212,3.95916252214218
601,212.0701584,2.33319091796875,2.15567016601563,2.24443054199219,1.16659545898438,1.07783508300781,1.12221527099609,4.275534703742,3.64967761476212,3.95641847495017
602,212.071825066667,2.32452392578125,2.15054321289063,2.23753356933594,1.16226196289063,1.07527160644531,1.11876678466797,4.24382945367393,3.6323377872087,3.93214025955076
603,212.073491733333,2.33319091796875,2.14834594726563,2.24076843261719,1.16659545898438,1.07417297363281,1.12038421630859,4.275534703742,3.62491907215515,3.94351808296849
604,212.0751584,2.335693359375,2.14834594726563,2.24201965332031,1.1678466796875,1.07417297363281,1.12100982666016,4.28471098905683,3.62491907215515,3.94792334769974
605,212.076825066667,2.335693359375,2.14834594726563,2.24201965332031,1.1678466796875,1.07417297363281,1.12100982666016,4.28471098905683,3.62491907215515,3.94792334769974
606,212.078491733333,2.33128356933594,2.14920043945313,2.24024200439453,1.16564178466797,1.07460021972656,1.12012100219727,4.26854718982686,3.62780322685177,3.94166538339612
607,212.0801584,2.33120727539063,2.14764404296875,2.23942565917969,1.16560363769531,1.07382202148438,1.11971282958984,4.26826780813235,3.62255080308438,3.93879321745031
608,212.081825066667,2.32597351074219,2.14727783203125,2.23662567138672,1.16298675537109,1.07363891601563,1.11831283569336,4.24912405135804,3.62131549165156,3.92894990937987
609,212.083491733333,2.31694030761719,2.1343994140625,2.22566986083984,1.15847015380859,1.06719970703125,1.11283493041992,4.21618415109612,3.57800767152416,3.89055331334467
610,212.0851584,2.31694030761719,2.13810729980469,2.22752380371094,1.15847015380859,1.06905364990234,1.11376190185547,4.21618415109612,3.59044992309674,3.89703753438708
611,212.086825066667,2.32632446289063,2.13810729980469,2.23221588134766,1.16316223144531,1.06905364990234,1.11610794067383,4.25040639761862,3.59044992309674,3.91347234033414
612,212.088491733333,2.32632446289063,2.14422607421875,2.23527526855469,1.16316223144531,1.07211303710938,1.11763763427734,4.25040639761862,3.61102942205262,3.92420699378412
613,212.0901584,2.31985473632813,2.14422607421875,2.23204040527344,1.15992736816406,1.07211303710938,1.11602020263672,4.22679771447363,3.61102942205262,3.91285708284334
614,212.091825066667,2.31985473632813,2.15028381347656,2.23506927490234,1.15992736816406,1.07514190673828,1.11753463745117,4.22679771447363,3.63146157187653,3.92348374998954
615,212.093491733333,2.32832336425781,2.15028381347656,2.23930358886719,1.16416168212891,1.07514190673828,1.11965179443359,4.25771388499909,3.63146157187653,3.93836382466152
616,212.0951584,2.32878112792969,2.15028381347656,2.23953247070313,1.16439056396484,1.07514190673828,1.11976623535156,4.25938823862835,3.63146157187653,3.9391689553413
617,212.096825066667,2.33183288574219,2.14828491210938,2.24005889892578,1.16591644287109,1.07414245605469,1.12002944946289,4.27055900793573,3.62471310499294,3.94102106819209
618,212.098491733333,2.33183288574219,2.13601684570313,2.23392486572266,1.16591644287109,1.06800842285156,1.11696243286133,4.27055900793573,3.58343250018719,3.91946694267339
619,212.1001584,2.32101440429688,2.13594055175781,2.22847747802734,1.16050720214844,1.06797027587891,1.11423873901367,4.23102462315849,3.58317651969601,3.90037514198326
620,212.101825066667,2.32101440429688,2.13594055175781,2.22847747802734,1.16050720214844,1.06797027587891,1.11423873901367,4.23102462315849,3.58317651969601,3.90037514198326
621,212.103491733333,2.32649230957031,2.14288330078125,2.23468780517578,1.16324615478516,1.07144165039063,1.11734390258789,4.25101976204771,3.60650818595356,3.92214458563654
622,212.1051584,2.33638000488281,2.14765930175781,2.24201965332031,1.16819000244141,1.07382965087891,1.12100982666016,4.28723059206556,3.6226022789657,3.94792334769974
623,212.106825066667,2.33638000488281,2.14765930175781,2.24201965332031,1.16819000244141,1.07382965087891,1.12100982666016,4.28723059206556,3.6226022789657,3.94792334769974
624,212.108491733333,2.32466125488281,2.13735961914063,2.23101043701172,1.16233062744141,1.06867980957031,1.11550521850586,4.24433090560142,3.58793925339727,3.90924676400193
625,212.1101584,2.32449340820313,2.13735961914063,2.23092651367188,1.16224670410156,1.06867980957031,1.11546325683594,4.24371802393529,3.58793925339727,3.90895266329431
626,212.111825066667,2.32449340820313,2.14846801757813,2.23648071289063,1.16224670410156,1.07423400878906,1.11824035644531,4.24371802393529,3.6253310240346,3.92844064560699
627,212.113491733333,2.32449340820313,2.14846801757813,2.23648071289063,1.16224670410156,1.07423400878906,1.11824035644531,4.24371802393529,3.6253310240346,3.92844064560699
628,212.1151584,2.32388305664063,2.13571166992188,2.22979736328125,1.16194152832031,1.06785583496094,1.11489868164063,4.24148973637532,3.58240863308188,3.90499674774883
629,212.116825066667,2.32939147949219,2.1326904296875,2.23104095458984,1.16469573974609,1.06634521484375,1.11552047729492,4.26162122215536,3.57228024191373,3.90935371245676
630,212.118491733333,2.3289794921875,2.13571166992188,2.23234558105469,1.16448974609375,1.06785583496094,1.11617279052734,4.2601138940891,3.58240863308188,3.91392712695783
631,212.1201584,2.3289794921875,2.13896179199219,2.23397064208984,1.16448974609375,1.06948089599609,1.11698532104492,4.2601138940891,3.59332033514092,3.91962757546725
632,212.121825066667,2.32676696777344,2.1392822265625,2.23302459716797,1.16338348388672,1.06964111328125,1.11651229858398,4.25202354475072,3.59439703534981,3.91630849998015
633,212.123491733333,2.31732177734375,2.14239501953125,2.2298583984375,1.15866088867188,1.07119750976563,1.11492919921875,4.21757260207353,3.60486480230003,3.90521052981943
634,212.1251584,2.31732177734375,2.14418029785156,2.23075103759766,1.15866088867188,1.07209014892578,1.11537551879883,4.21757260207353,3.61087524237327,3.90833776120117
635,212.126825066667,2.32106018066406,2.14871215820313,2.23488616943359,1.16053009033203,1.07435607910156,1.1174430847168,4.23119151815605,3.62615499801357,3.9228409225732
636,212.128491733333,2.33273315429688,2.14871215820313,2.24072265625,1.16636657714844,1.07435607910156,1.120361328125,4.2738571792378,3.62615499801357,3.94335696137713
637,212.1301584,2.32106018066406,2.14930725097656,2.23518371582031,1.16053009033203,1.07465362548828,1.11759185791016,4.23119151815605,3.62816382683221,3.92388554386872
638,212.131825066667,2.31761169433594,2.14730834960938,2.23246002197266,1.15880584716797,1.07365417480469,1.11623001098633,4.2186279776913,3.62141842622491,3.91432843121662
639,212.133491733333,2.31761169433594,2.1331787109375,2.22539520263672,1.15880584716797,1.06658935546875,1.11269760131836,4.2186279776913,3.57391618224007,3.88959314717847
640,212.1351584,2.32284545898438,2.1331787109375,2.22801208496094,1.16142272949219,1.06658935546875,1.11400604248047,4.23770299048215,3.57391618224007,3.89874621100032
641,212.136825066667,2.33108520507813,2.13510131835938,2.23309326171875,1.16554260253906,1.06755065917969,1.11654663085938,4.26782081643906,3.58036133774666,3.91654935330408
642,212.138491733333,2.32893371582031,2.13850402832031,2.23371887207031,1.16446685791016,1.06925201416016,1.11685943603516,4.25994642965068,3.59178247176845,3.91874413583416
643,212.1401584,2.33145141601563,2.13850402832031,2.23497772216797,1.16572570800781,1.06925201416016,1.11748886108398,4.26916186173898,3.59178247176845,3.92316232969824
644,212.141825066667,2.32893371582031,2.14393615722656,2.23643493652344,1.16446685791016,1.07196807861328,1.11821746826172,4.25994642965068,3.61005300634098,3.92827983232562
645,212.143491733333,2.32659912109375,2.14198303222656,2.23429107666016,1.16329956054688,1.07099151611328,1.11714553833008,4.25141010790718,3.60347848864593,3.92075209718809
646,212.1451584,2.31704711914063,2.14198303222656,2.22951507568359,1.15852355957031,1.07099151611328,1.1147575378418,4.21657289432883,3.60347848864593,3.90400808178978
647,212.146825066667,2.31704711914063,2.14059448242188,2.22882080078125,1.15852355957031,1.07029724121094,1.11441040039063,4.21657289432883,3.59880806178391,3.90157703044674
648,212.148491733333,2.33041381835938,2.14059448242188,2.23550415039063,1.16520690917969,1.07029724121094,1.11775207519531,4.26536278052057,3.59880806178391,3.925010676175
649,212.1501584,2.33041381835938,2.14059448242188,2.23550415039063,1.16520690917969,1.07029724121094,1.11775207519531,4.26536278052057,3.59880806178391,3.925010676175
650,212.151825066667,2.32231140136719,2.14202880859375,2.23217010498047,1.16115570068359,1.07101440429688,1.11608505249023,4.23575458932342,3.60363251033012,3.91331183371697
651,212.153491733333,2.31820678710938,2.14068603515625,2.22944641113281,1.15910339355469,1.07034301757813,1.11472320556641,4.22079468865208,3.59911590875554,3.90376761440192
652,212.1551584,2.31820678710938,2.14202880859375,2.23011779785156,1.15910339355469,1.07101440429688,1.11505889892578,4.22079468865208,3.60363251033012,3.90611916890218
653,212.156825066667,2.33143615722656,2.14068603515625,2.23606109619141,1.16571807861328,1.07034301757813,1.1180305480957,4.2691059806456,3.59911590875554,3.92696664706618
654,212.158491733333,2.33143615722656,2.13998413085938,2.23571014404297,1.16571807861328,1.06999206542969,1.11785507202148,4.2691059806456,3.59675608511084,3.92573406068401
655,212.1601584,2.33126831054688,2.13929748535156,2.23528289794922,1.16563415527344,1.06964874267578,1.11764144897461,4.2684913127565,3.59444831081135,3.92423378187138
656,212.161825066667,2.33126831054688,2.13870239257813,2.2349853515625,1.16563415527344,1.06935119628906,1.11749267578125,4.2684913127565,3.59244883881675,3.92318911421963
657,212.163491733333,2.33140563964844,2.13339233398438,2.23239898681641,1.16570281982422,1.06669616699219,1.1161994934082,4.26899421955601,3.57463202389775,3.91411439971849
658,212.1651584,2.33157348632813,2.13339233398438,2.23248291015625,1.16578674316406,1.06669616699219,1.11624145507813,4.26960892365233,3.57463202389775,3.91440869453705
659,212.166825066667,2.33436584472656,2.13339233398438,2.23387908935547,1.16718292236328,1.06669616699219,1.11693954467773,4.27984185659221,3.57463202389775,3.9193063131711
660,212.168491733333,2.33436584472656,2.13148498535156,2.23292541503906,1.16718292236328,1.06574249267578,1.11646270751953,4.27984185659221,3.56824311777416,3.91596061380929
661,212.1701584,2.33296203613281,2.13148498535156,2.23222351074219,1.16648101806641,1.06574249267578,1.11611175537109,4.27469590034533,3.56824311777416,3.91349909175702
662,212.171825066667,2.33099365234375,2.13641357421875,2.23370361328125,1.16549682617188,1.06820678710938,1.11685180664063,4.26748558802974,3.58476374613036,3.91869059723834
663,212.173491733333,2.33099365234375,2.14108276367188,2.23603820800781,1.16549682617188,1.07054138183594,1.11801910400391,4.26748558802974,3.60045006444277,3.92688625510039
664,212.1751584,2.33059692382813,2.14936828613281,2.23998260498047,1.16529846191406,1.07468414306641,1.11999130249023,4.26603308373282,3.62836989200994,3.94075261906725
665,212.176825066667,2.33059692382813,2.14936828613281,2.23998260498047,1.16529846191406,1.07468414306641,1.11999130249023,4.26603308373282,3.62836989200994,3.94075261906725
666,212.178491733333,2.33218383789063,2.1387939453125,2.23548889160156,1.16609191894531,1.06939697265625,1.11774444580078,4.27184458431943,3.59275641368562,3.92495709478883
667,212.1801584,2.33218383789063,2.1387939453125,2.23548889160156,1.16609191894531,1.06939697265625,1.11774444580078,4.27184458431943,3.59275641368562,3.92495709478883
668,212.181825066667,2.33218383789063,2.14369201660156,2.23793792724609,1.16609191894531,1.07184600830078,1.11896896362305,4.27184458431943,3.60923086393545,3.93356158856054
669,212.183491733333,2.33090209960938,2.14369201660156,2.23729705810547,1.16545104980469,1.07184600830078,1.11864852905273,4.26715037278668,3.60923086393545,3.93130903521265
670,212.1851584,2.33251953125,2.13864135742188,2.23558044433594,1.166259765625,1.06932067871094,1.11779022216797,4.27307444711387,3.59224379621875,3.92527858859177
671,212.186825066667,2.33901977539063,2.13864135742188,2.23883056640625,1.16950988769531,1.06932067871094,1.11941528320313,4.2969239624162,3.59224379621875,3.93670014868845
672,212.188491733333,2.34034729003906,2.14668273925781,2.24351501464844,1.17017364501953,1.07334136962891,1.12175750732422,4.30180279951363,3.61930855987194,3.95319140201535
673,212.1901584,2.34034729003906,2.14668273925781,2.24351501464844,1.17017364501953,1.07334136962891,1.12175750732422,4.30180279951363,3.61930855987194,3.95319140201535
674,212.191825066667,2.33177185058594,2.13844299316406,2.235107421875,1.16588592529297,1.06922149658203,1.1175537109375,4.27033544918361,3.5915774481884,3.92361767899679
675,212.193491733333,2.33177185058594,2.13844299316406,2.235107421875,1.16588592529297,1.06922149658203,1.1175537109375,4.27033544918361,3.5915774481884,3.92361767899679
676,212.1951584,2.33177185058594,2.14683532714844,2.23930358886719,1.16588592529297,1.07341766357422,1.11965179443359,4.27033544918361,3.61982310473337,3.93836382466152
677,212.196825066667,2.336181640625,2.14683532714844,2.24150848388672,1.1680908203125,1.07341766357422,1.12075424194336,4.28650263068018,3.61982310473337,3.94612333877928
678,212.198491733333,2.34100341796875,2.14613342285156,2.24356842041016,1.17050170898438,1.07306671142578,1.12178421020508,4.30421520098269,3.61745650119483,3.95337961177504
679,212.2001584,2.34100341796875,2.14573669433594,2.24337005615234,1.17050170898438,1.07286834716797,1.12168502807617,4.30421520098269,3.61611919803936,3.95268056953712
680,212.201825066667,2.3292236328125,2.13970947265625,2.23446655273438,1.16461181640625,1.06985473632813,1.11723327636719,4.26100709335158,3.59583288651877,3.92136797504759
681,212.203491733333,2.3292236328125,2.14573669433594,2.23748016357422,1.16461181640625,1.07286834716797,1.11874008178711,4.26100709335158,3.61611919803936,3.93195255605216
682,212.2051584,2.3436279296875,2.14631652832031,2.24497222900391,1.17181396484375,1.07315826416016,1.12248611450195,4.31387156919776,3.61807380142215,3.95832844639386
683,212.206825066667,2.3436279296875,2.14631652832031,2.24497222900391,1.17181396484375,1.07315826416016,1.12248611450195,4.31387156919776,3.61807380142215,3.95832844639386
684,212.208491733333,2.34506225585938,2.14631652832031,2.24568939208984,1.17253112792969,1.07315826416016,1.12284469604492,4.3191534590611,3.61807380142215,3.96085785003939
685,212.2101584,2.33935546875,2.14442443847656,2.24188995361328,1.169677734375,1.07221221923828,1.12094497680664,4.29815742984078,3.61169757203232,3.94746659015967
686,212.211825066667,2.34223937988281,2.14793395996094,2.24508666992188,1.17111968994141,1.07396697998047,1.12254333496094,4.30876132881574,3.62352890736921,3.95873202046149
687,212.213491733333,2.33766174316406,2.15138244628906,2.24452209472656,1.16883087158203,1.07569122314453,1.12226104736328,4.29193583253771,3.63517332566311,3.9567412546581
688,212.2151584,2.33766174316406,2.15138244628906,2.24452209472656,1.16883087158203,1.07569122314453,1.12226104736328,4.29193583253771,3.63517332566311,3.9567412546581
689,212.216825066667,2.33766174316406,2.15318298339844,2.24542236328125,1.16883087158203,1.07659149169922,1.12271118164063,4.29193583253771,3.64126057753016,3.95991595640574
690,212.218491733333,2.35441589355469,2.14411926269531,2.249267578125,1.17720794677734,1.07205963134766,1.1246337890625,4.35367737574938,3.61066967458769,3.97349003094043
691,212.2201584,2.35623168945313,2.14411926269531,2.25017547607422,1.17811584472656,1.07205963134766,1.12508773803711,4.36039533749945,3.61066967458769,3.9766984100223
692,212.221825066667,2.35623168945313,2.14411926269531,2.25017547607422,1.17811584472656,1.07205963134766,1.12508773803711,4.36039533749945,3.61066967458769,3.9766984100223
693,212.223491733333,2.34394836425781,2.15118408203125,2.24756622314453,1.17197418212891,1.07559204101563,1.12378311157227,4.31505128553768,3.63450300763882,3.96748117689897
694,212.2251584,2.33981323242188,2.15223693847656,2.24602508544922,1.16990661621094,1.07611846923828,1.12301254272461,4.29983971614333,3.6380615560495,3.9620421038026
695,212.226825066667,2.33981323242188,2.15800476074219,2.24890899658203,1.16990661621094,1.07900238037109,1.12445449829102,4.29983971614333,3.65758711048722,3.97222321268665
696,212.228491733333,2.34445190429688,2.15800476074219,2.25122833251953,1.17222595214844,1.07900238037109,1.12561416625977,4.31690545136542,3.65758711048722,3.98042067268091
697,212.2301584,2.34629821777344,2.15444946289063,2.25037384033203,1.17314910888672,1.07722473144531,1.12518692016602,4.32370746690238,3.64554533932197,3.97739957275997
698,212.231825066667,2.35398864746094,2.15444946289063,2.25421905517578,1.17699432373047,1.07722473144531,1.12710952758789,4.35209743153836,3.64554533932197,3.99100355446041
699,212.233491733333,2.35398864746094,2.15728759765625,2.25563812255859,1.17699432373047,1.07864379882813,1.1278190612793,4.35209743153836,3.65515648508191,3.99602993873235
700,212.2351584,2.35087585449219,2.15835571289063,2.25461578369141,1.17543792724609,1.07917785644531,1.1273078918457,4.34059506405287,3.65877685988506,3.99240846162043
701,212.236825066667,2.34373474121094,2.15728759765625,2.25051116943359,1.17186737060547,1.07864379882813,1.1252555847168,4.31426479005699,3.65515648508191,3.97788502932404
702,212.238491733333,2.34373474121094,2.14460754394531,2.24417114257813,1.17186737060547,1.07230377197266,1.12208557128906,4.31426479005699,3.61231438071916,3.9555040039445
703,212.2401584,2.34396362304688,2.14460754394531,2.24428558349609,1.17198181152344,1.07230377197266,1.12214279174805,4.31510746652927,3.61231438071916,3.95590743400612
704,212.241825066667,2.34396362304688,2.15159606933594,2.24777984619141,1.17198181152344,1.07579803466797,1.1238899230957,4.31510746652927,3.63589527573523,3.96823540223548
705,212.243491733333,2.34501647949219,2.15498352050781,2.25,1.17250823974609,1.07749176025391,1.125,4.31898483818594,3.64735292181504,3.97607820219958
706,212.2451584,2.34005737304688,2.15159606933594,2.24582672119141,1.17002868652344,1.07579803466797,1.1229133605957,4.30073707009315,3.63589527573523,3.9613422960928
707,212.246825066667,2.34881591796875,2.15013122558594,2.24947357177734,1.17440795898438,1.07506561279297,1.12473678588867,4.33299157202262,3.63094620046638,3.97421786893781
708,212.248491733333,2.33830261230469,2.14897155761719,2.24363708496094,1.16915130615234,1.07448577880859,1.12181854248047,4.29428942049409,3.62703057295335,3.95362160233492
709,212.2501584,2.33830261230469,2.14811706542969,2.24320983886719,1.16915130615234,1.07405853271484,1.12160491943359,4.29428942049409,3.62414672546953,3.95211600362069
710,212.251825066667,2.336669921875,2.14663696289063,2.24165344238281,1.1683349609375,1.07331848144531,1.12082672119141,4.28829464681056,3.61915420354524,3.94663374737699
711,212.253491733333,2.336669921875,2.14663696289063,2.24165344238281,1.1683349609375,1.07331848144531,1.12082672119141,4.28829464681056,3.61915420354524,3.94663374737699
712,212.2551584,2.3304443359375,2.14663696289063,2.23854064941406,1.16522216796875,1.07331848144531,1.11927032470703,4.26547449406532,3.61915420354524,3.93568065003938
713,212.256825066667,2.33833312988281,2.15179443359375,2.24506378173828,1.16916656494141,1.07589721679688,1.12253189086914,4.29440151220316,3.63656572213059,3.95865130400218
714,212.258491733333,2.34063720703125,2.15179443359375,2.2462158203125,1.17031860351563,1.07589721679688,1.12310791015625,4.30286866096247,3.63656572213059,3.9627150541194
715,212.2601584,2.34063720703125,2.14810180664063,2.24436950683594,1.17031860351563,1.07405090332031,1.12218475341797,4.30286866096247,3.62409523861632,3.95620329579281
716,212.261825066667,2.33506774902344,2.14810180664063,2.24158477783203,1.16753387451172,1.07405090332031,1.12079238891602,4.28241599554114,3.62409523861632,3.94639197076889
717,212.263491733333,2.3338623046875,2.15498352050781,2.24442291259766,1.16693115234375,1.07749176025391,1.12221145629883,4.27799566842249,3.64735292181504,3.95639157723549
718,212.2651584,2.3338623046875,2.15498352050781,2.24442291259766,1.16693115234375,1.07749176025391,1.12221145629883,4.27799566842249,3.64735292181504,3.95639157723549
719,212.266825066667,2.33065795898438,2.15498352050781,2.24282073974609,1.16532897949219,1.07749176025391,1.12141036987305,4.26625652984025,3.64735292181504,3.95074508283633
720,212.268491733333,2.33052062988281,2.15061950683594,2.24057006835938,1.16526031494141,1.07530975341797,1.12028503417969,4.26575378432745,3.63259551771564,3.94281991317835
721,212.2701584,2.33052062988281,2.14143371582031,2.23597717285156,1.16526031494141,1.07071685791016,1.11798858642578,4.26575378432745,3.60163048517774,3.92667188054797
722,212.271825066667,2.33743286132813,2.14143371582031,2.23943328857422,1.16871643066406,1.07071685791016,1.11971664428711,4.2910954217598,3.60163048517774,3.93882005527678
723,212.273491733333,2.33975219726563,2.14729309082031,2.24352264404297,1.16987609863281,1.07364654541016,1.12176132202148,4.29961539228505,3.62136695875537,3.95321828884958
724,212.2751584,2.33975219726563,2.147705078125,2.24372863769531,1.16987609863281,1.0738525390625,1.12186431884766,4.29961539228505,3.62275670880404,3.95394426793523
725,212.276825066667,2.33859252929688,2.147705078125,2.24314880371094,1.16929626464844,1.0738525390625,1.12157440185547,4.29535435079557,3.62275670880404,3.95190094149677
726,212.278491733333,2.33491516113281,2.147705078125,2.24131011962891,1.16745758056641,1.0738525390625,1.12065505981445,4.28185633428615,3.62275670880404,3.94542493839668
727,212.2801584,2.33491516113281,2.15231323242188,2.24361419677734,1.16745758056641,1.07615661621094,1.12180709838867,4.28185633428615,3.63831948953632,3.95354093799207
728,212.281825066667,2.33491516113281,2.15231323242188,2.24361419677734,1.16745758056641,1.07615661621094,1.12180709838867,4.28185633428615,3.63831948953632,3.95354093799207
729,212.283491733333,2.33573913574219,2.1485595703125,2.24214935302734,1.16786956787109,1.07427978515625,1.12107467651367,4.28487893954979,3.62564000330483,3.94838013166377
730,212.2851584,2.33639526367188,2.1485595703125,2.24247741699219,1.16819763183594,1.07427978515625,1.12123870849609,4.28728659165531,3.62564000330483,3.94953564434408
731,212.286825066667,2.33639526367188,2.1485595703125,2.24247741699219,1.16819763183594,1.07427978515625,1.12123870849609,4.28728659165531,3.62564000330483,3.94953564434408
732,212.288491733333,2.33819580078125,2.14239501953125,2.24029541015625,1.16909790039063,1.07119750976563,1.12014770507813,4.29389711103283,3.60486480230003,3.94185331858438
733,212.2901584,2.33309936523438,2.14202880859375,2.23756408691406,1.16654968261719,1.07101440429688,1.11878204345703,4.27519917250864,3.60363251033012,3.93224752070434
734,212.291825066667,2.34251403808594,2.14202880859375,2.24227142333984,1.17125701904297,1.07101440429688,1.12113571166992,4.3097719053103,3.60363251033012,3.948810070121
735,212.293491733333,2.34251403808594,2.14202880859375,2.24227142333984,1.17125701904297,1.07101440429688,1.12113571166992,4.3097719053103,3.60363251033012,3.948810070121
736,212.2951584,2.34251403808594,2.14515686035156,2.24383544921875,1.17125701904297,1.07257843017578,1.12191772460938,4.3097719053103,3.61416512277,3.9543207277763
737,212.296825066667,2.34112548828125,2.14515686035156,2.24314117431641,1.17056274414063,1.07257843017578,1.1215705871582,4.30466409446948,3.61416512277,3.95187405914273
738,212.298491733333,2.34112548828125,2.15017700195313,2.24565124511719,1.17056274414063,1.07508850097656,1.12282562255859,4.30466409446948,3.63110080804927,3.96072328694859
739,212.3001584,2.33969116210938,2.15184020996094,2.24576568603516,1.16984558105469,1.07592010498047,1.12288284301758,4.29939107427845,3.63672044930702,3.96112698307844
740,212.301825066667,2.33859252929688,2.15184020996094,2.24521636962891,1.16929626464844,1.07592010498047,1.12260818481445,4.29535435079557,3.63672044930702,3.9591894292744
741,212.303491733333,2.33859252929688,2.15498352050781,2.24678802490234,1.16929626464844,1.07749176025391,1.12339401245117,4.29535435079557,3.64735292181504,3.96473424794121
742,212.3051584,2.33859252929688,2.15585327148438,2.24722290039063,1.16929626464844,1.07792663574219,1.12361145019531,4.29535435079557,3.65029765796083,3.9662691792144
743,212.306825066667,2.342041015625,2.15585327148438,2.24894714355469,1.1710205078125,1.07792663574219,1.12447357177734,4.3080315417086,3.65029765796083,3.97235797098559
744,212.308491733333,2.342041015625,2.14875793457031,2.24539947509766,1.1710205078125,1.07437896728516,1.12269973754883,4.3080315417086,3.62630950355792,3.95983522787736
745,212.3101584,2.34141540527344,2.14875793457031,2.24508666992188,1.17070770263672,1.07437896728516,1.12254333496094,4.30573031031022,3.62630950355792,3.95873202046149
746,212.311825066667,2.34141540527344,2.15133666992188,2.24637603759766,1.17070770263672,1.07566833496094,1.12318801879883,4.30573031031022,3.63501863140233,3.96328037654735
747,212.313491733333,2.34162902832031,2.15518188476563,2.24840545654297,1.17081451416016,1.07759094238281,1.12420272827148,4.3065160275185,3.64802442370579,3.97044461736673
748,212.3151584,2.34332275390625,2.15518188476563,2.24925231933594,1.17166137695313,1.07759094238281,1.12462615966797,4.31274817977551,3.64802442370579,3.97343611966624
749,212.316825066667,2.34332275390625,2.15345764160156,2.24839019775391,1.17166137695313,1.07672882080078,1.12419509887695,4.31274817977551,3.64218958902722,3.97039072675626
750,212.318491733333,2.34782409667969,2.15345764160156,2.25064086914063,1.17391204833984,1.07672882080078,1.12532043457031,4.32933300865735,3.64218958902722,3.97834354328013
751,212.3201584,2.34857177734375,2.14971923828125,2.2491455078125,1.17428588867188,1.07485961914063,1.12457275390625,4.33209085921289,3.62955488034089,3.97305875098732
752,212.321825066667,2.35130310058594,2.15846252441406,2.2548828125,1.17565155029297,1.07923126220703,1.12744140625,4.34217291921687,3.65913899592948,3.99335421141471
753,212.323491733333,2.35267639160156,2.14971923828125,2.25119781494141,1.17633819580078,1.07485961914063,1.1255989074707,4.34724653855348,3.62955488034089,3.98031275650577
754,212.3251584,2.35130310058594,2.15542602539063,2.25336456298828,1.17565155029297,1.07771301269531,1.12668228149414,4.34217291921687,3.64885097242057,3.98797844029226
755,212.326825066667,2.36117553710938,2.15542602539063,2.25830078125,1.18058776855469,1.07771301269531,1.129150390625,4.37871250551159,3.64885097242057,4.00546970103348
756,212.328491733333,2.34979248046875,2.15542602539063,2.25260925292969,1.17489624023438,1.07771301269531,1.12630462646484,4.33659535952912,3.64885097242057,3.9853054104127
757,212.3301584,2.35800170898438,2.15701293945313,2.25750732421875,1.17900085449219,1.07850646972656,1.12875366210938,4.36694892376262,3.65422582121889,4.00265554111528
758,212.331825066667,2.35800170898438,2.156005859375,2.25700378417969,1.17900085449219,1.0780029296875,1.12850189208984,4.36694892376262,3.65081440085668,4.00087014487208
759,212.333491733333,2.35800170898438,2.156005859375,2.25700378417969,1.17900085449219,1.0780029296875,1.12850189208984,4.36694892376262,3.65081440085668,4.00087014487208
760,212.3351584,2.35749816894531,2.156005859375,2.25675201416016,1.17874908447266,1.0780029296875,1.12837600708008,4.36508404059704,3.65081440085668,3.99997759610527
761,212.336825066667,2.35749816894531,2.15675354003906,2.25712585449219,1.17874908447266,1.07837677001953,1.12856292724609,4.36508404059704,3.65334696970834,4.00130293163081
762,212.338491733333,2.35330200195313,2.16000366210938,2.25665283203125,1.17665100097656,1.08000183105469,1.12832641601563,4.34955883619568,3.66436609640205,3.99962601332329
763,212.3401584,2.3524169921875,2.16000366210938,2.25621032714844,1.17620849609375,1.08000183105469,1.12810516357422,4.34628796129918,3.66436609640205,3.99805760147836
764,212.341825066667,2.35067749023438,2.16000366210938,2.25534057617188,1.17533874511719,1.08000183105469,1.12767028808594,4.33986258590793,3.66436609640205,3.99497575735861
765,212.343491733333,2.3524169921875,2.15751647949219,2.25496673583984,1.17620849609375,1.07875823974609,1.12748336791992,4.34628796129918,3.65593212881916,3.99365147019673
766,212.3451584,2.3546142578125,2.15751647949219,2.25606536865234,1.17730712890625,1.07875823974609,1.12803268432617,4.35441101874284,3.65593212881916,3.99754387827401
767,212.346825066667,2.36007690429688,2.15751647949219,2.25879669189453,1.18003845214844,1.07875823974609,1.12939834594727,4.37463870583291,3.65593212881916,4.0072290531747
768,212.348491733333,2.36007690429688,2.15660095214844,2.25833892822266,1.18003845214844,1.07830047607422,1.12916946411133,4.37463870583291,3.65283004760503,4.00560502209872
769,212.3501584,2.3634033203125,2.16230773925781,2.26285552978516,1.18170166015625,1.08115386962891,1.13142776489258,4.38697908619072,3.67218782874574,4.0216431934215
770,212.351825066667,2.353515625,2.16230773925781,2.25791168212891,1.1767578125,1.08115386962891,1.12895584106445,4.35034854205009,3.67218782874574,4.0040895567335
771,212.353491733333,2.353515625,2.16554260253906,2.25952911376953,1.1767578125,1.08277130126953,1.12976455688477,4.35034854205009,3.68318340629854,4.00982818754194
772,212.3551584,2.353515625,2.17384338378906,2.26367950439453,1.1767578125,1.08692169189453,1.13183975219727,4.35034854205009,3.71147367891909,4.02457253217165
773,212.356825066667,2.358642578125,2.16554260253906,2.26209259033203,1.1793212890625,1.08277130126953,1.13104629516602,4.36932298745191,3.68318340629854,4.01893179362367
774,212.358491733333,2.36428833007813,2.15870666503906,2.26149749755859,1.18214416503906,1.07935333251953,1.1307487487793,4.39026523395196,3.65996680275381,4.01681753650495
775,212.3601584,2.36428833007813,2.15870666503906,2.26149749755859,1.18214416503906,1.07935333251953,1.1307487487793,4.39026523395196,3.65996680275381,4.01681753650495
776,212.361825066667,2.36289978027344,2.16372680664063,2.26331329345703,1.18144989013672,1.08186340332031,1.13165664672852,4.38510993057288,3.67700933664375,4.02327047217562
777,212.363491733333,2.36289978027344,2.16372680664063,2.26331329345703,1.18144989013672,1.08186340332031,1.13165664672852,4.38510993057288,3.67700933664375,4.02327047217562
778,212.3651584,2.36102294921875,2.17193603515625,2.2664794921875,1.18051147460938,1.08596801757813,1.13323974609375,4.37814658662452,3.70496357917588,4.03453482869557
779,212.366825066667,2.36839294433594,2.16130065917969,2.26484680175781,1.18419647216797,1.08065032958984,1.13242340087891,4.40552224597061,3.66876803244607,4.02872425431897
780,212.368491733333,2.36839294433594,2.17193603515625,2.27016448974609,1.18419647216797,1.08596801757813,1.13508224487305,4.40552224597061,3.70496357917588,4.04766473976907
781,212.3701584,2.369873046875,2.16604614257813,2.26795959472656,1.1849365234375,1.08302307128906,1.13397979736328,4.41103033716472,3.68489646051126,4.03980597726578
782,212.371825066667,2.369873046875,2.17318725585938,2.27153015136719,1.1849365234375,1.08659362792969,1.13576507568359,4.41103033716472,3.70923355982628,4.05253610752681
783,212.373491733333,2.37318420410156,2.16604614257813,2.26961517333984,1.18659210205078,1.08302307128906,1.13480758666992,4.42336502183384,3.68489646051126,4.04570613311096
784,212.3751584,2.37066650390625,2.17488098144531,2.27277374267578,1.18533325195313,1.08744049072266,1.13638687133789,4.41398454515648,3.71501757309651,4.05697459425902
785,212.376825066667,2.37066650390625,2.17488098144531,2.27277374267578,1.18533325195313,1.08744049072266,1.13638687133789,4.41398454515648,3.71501757309651,4.05697459425902
786,212.378491733333,2.37066650390625,2.17488098144531,2.27277374267578,1.18533325195313,1.08744049072266,1.13638687133789,4.41398454515648,3.71501757309651,4.05697459425902
787,212.3801584,2.36273193359375,2.16989135742188,2.26631164550781,1.18136596679688,1.08494567871094,1.13315582275391,4.38448696720682,3.69799109875551,4.0339372868227
788,212.381825066667,2.36273193359375,2.16883850097656,2.26578521728516,1.18136596679688,1.08441925048828,1.13289260864258,4.38448696720682,3.69440335306007,4.03206346527337
789,212.383491733333,2.36602783203125,2.16886901855469,2.26744842529297,1.18301391601563,1.08443450927734,1.13372421264648,4.39672779964662,3.69450732118505,4.03798514004917
790,212.3851584,2.36602783203125,2.16883850097656,2.26743316650391,1.18301391601563,1.08441925048828,1.13371658325195,4.39672779964662,3.69440335306007,4.03793079300826
791,212.386825066667,2.36602783203125,2.16886901855469,2.26744842529297,1.18301391601563,1.08443450927734,1.13372421264648,4.39672779964662,3.69450732118505,4.03798514004917
792,212.388491733333,2.36807250976563,2.16828918457031,2.26818084716797,1.18403625488281,1.08414459228516,1.13409042358398,4.40433022575818,3.6925321769695,4.04059422811102
793,212.3901584,2.37040710449219,2.1728515625,2.27162933349609,1.18520355224609,1.08642578125,1.13581466674805,4.41301863758541,3.70808771388005,4.05289000811961
794,212.391825066667,2.37040710449219,2.1728515625,2.27162933349609,1.18520355224609,1.08642578125,1.13581466674805,4.41301863758541,3.70808771388005,4.05289000811961
795,212.393491733333,2.37040710449219,2.1728515625,2.27162933349609,1.18520355224609,1.08642578125,1.13581466674805,4.41301863758541,3.70808771388005,4.05289000811961
796,212.3951584,2.37794494628906,2.17250061035156,2.27522277832031,1.18897247314453,1.08625030517578,1.13761138916016,4.44112986512516,3.70688997329221,4.06572252047383
797,212.396825066667,2.37794494628906,2.17250061035156,2.27522277832031,1.18897247314453,1.08625030517578,1.13761138916016,4.44112986512516,3.70688997329221,4.06572252047383
798,212.398491733333,2.38084411621094,2.17288208007813,2.27686309814453,1.19042205810547,1.08644104003906,1.13843154907227,4.45196564082157,3.70819187437876,4.07158699172403
799,212.4001584,2.38084411621094,2.173828125,2.27733612060547,1.19042205810547,1.0869140625,1.13866806030273,4.45196564082157,3.71142157544591,4.07327892670277
800,212.401825066667,2.37554931640625,2.17762756347656,2.27658843994141,1.18777465820313,1.08881378173828,1.1382942199707,4.43218605486528,3.72440663253138,4.07060473915212
801,212.403491733333,2.37554931640625,2.1842041015625,2.27987670898438,1.18777465820313,1.09210205078125,1.13993835449219,4.43218605486528,3.7469363695225,4.08237226817408
802,212.4051584,2.37554931640625,2.18305969238281,2.27930450439453,1.18777465820313,1.09152984619141,1.13965225219727,4.43218605486528,3.74301099915792,4.08032333368488
803,212.406825066667,2.38804626464844,2.18400573730469,2.28602600097656,1.19402313232422,1.09200286865234,1.14301300048828,4.47894112752172,3.74625582460364,4.10442394657786
804,212.408491733333,2.38101196289063,2.18305969238281,2.28203582763672,1.19050598144531,1.09152984619141,1.14101791381836,4.45259337951798,3.74301099915792,4.09010821267008
805,212.4101584,2.38101196289063,2.18400573730469,2.28250885009766,1.19050598144531,1.09200286865234,1.14125442504883,4.45259337951798,3.74625582460364,4.09180399110034
806,212.411825066667,2.38101196289063,2.1807861328125,2.28089904785156,1.19050598144531,1.09039306640625,1.14044952392578,4.45259337951798,3.73521869999453,4.08603431145574
807,212.413491733333,2.36727905273438,2.18534851074219,2.27631378173828,1.18363952636719,1.09267425537109,1.13815689086914,4.40137925081538,3.75086379711562,4.06962260507658
808,212.4151584,2.36787414550781,2.1834716796875,2.27567291259766,1.18393707275391,1.09173583984375,1.13783645629883,4.40359238931005,3.74442389549644,4.06733141971952
809,212.416825066667,2.36787414550781,2.18618774414063,2.27703094482422,1.18393707275391,1.09309387207031,1.13851547241211,4.40359238931005,3.75374521816694,4.0721873155185
810,212.418491733333,2.37959289550781,2.18490600585938,2.28224945068359,1.18979644775391,1.09245300292969,1.1411247253418,4.44728752870228,3.74934494783802,4.09087400456839
811,212.4201584,2.37959289550781,2.18618774414063,2.28289031982422,1.18979644775391,1.09309387207031,1.14144515991211,4.44728752870228,3.75374521816694,4.09317181036122
812,212.421825066667,2.37504577636719,2.18490600585938,2.27997589111328,1.18752288818359,1.09245300292969,1.13998794555664,4.43030729226442,3.74934494783802,4.0827274691182
813,212.423491733333,2.37504577636719,2.19219970703125,2.28362274169922,1.18752288818359,1.09609985351563,1.14181137084961,4.43030729226442,3.77441902066237,4.09579866410022
814,212.4251584,2.38021850585938,2.19273376464844,2.28647613525391,1.19010925292969,1.09636688232422,1.14323806762695,4.44962627736626,3.77625827167456,4.10604048445029
815,212.426825066667,2.38090515136719,2.19728088378906,2.28909301757813,1.19045257568359,1.09864044189453,1.14454650878906,4.45219390431823,3.7919363266942,4.11544462689057
816,212.428491733333,2.38090515136719,2.19316101074219,2.28703308105469,1.19045257568359,1.09658050537109,1.14351654052734,4.45219390431823,3.77772999505775,4.1080410481018
817,212.4301584,2.3887939453125,2.19316101074219,2.29097747802734,1.19439697265625,1.09658050537109,1.14548873901367,4.48174621716497,3.77772999505775,4.12222336836094
818,212.431825066667,2.39297485351563,2.17886352539063,2.28591918945313,1.19648742675781,1.08943176269531,1.14295959472656,4.49744800437314,3.72863557522096,4.10404040804194
819,212.433491733333,2.39297485351563,2.17767333984375,2.28532409667969,1.19648742675781,1.08883666992188,1.14266204833984,4.49744800437314,3.72456321724804,4.10190387854405
820,212.4351584,2.38789367675781,2.17767333984375,2.28278350830078,1.19394683837891,1.08883666992188,1.14139175415039,4.4783687681378,3.72456321724804,4.09278879792722
821,212.436825066667,2.38789367675781,2.18479919433594,2.28634643554688,1.19394683837891,1.09239959716797,1.14317321777344,4.4783687681378,3.7489783751288,4.1055746697101
822,212.438491733333,2.38880920410156,2.19010925292969,2.28945922851563,1.19440460205078,1.09505462646484,1.14472961425781,4.48180347303562,3.76722397572559,4.11676151648717
823,212.4401584,2.39666748046875,2.18666076660156,2.29166412353516,1.19833374023438,1.09333038330078,1.14583206176758,4.51133884090224,3.75536977936787,4.12469474170356
824,212.441825066667,2.38880920410156,2.18666076660156,2.28773498535156,1.19440460205078,1.09333038330078,1.14386749267578,4.48180347303562,3.75536977936787,4.11056300037409
825,212.443491733333,2.39395141601563,2.18666076660156,2.29030609130859,1.19697570800781,1.09333038330078,1.1451530456543,4.50111953083839,3.75536977936787,4.11980763052433
826,212.4451584,2.39395141601563,2.19113159179688,2.29254150390625,1.19697570800781,1.09556579589844,1.14627075195313,4.50111953083839,3.77074186269398,4.12785368540053
827,212.446825066667,2.39395141601563,2.19178771972656,2.29286956787109,1.19697570800781,1.09589385986328,1.14643478393555,4.50111953083839,3.77300047599715,4.12903516624823
828,212.448491733333,2.39193725585938,2.19425964355469,2.29309844970703,1.19596862792969,1.09712982177734,1.14654922485352,4.49354864889791,3.78151574324078,4.1298595553302
829,212.4501584,2.39022827148438,2.19425964355469,2.29224395751953,1.19511413574219,1.09712982177734,1.14612197875977,4.4871298676099,3.78151574324078,4.12678225594833
830,212.451825066667,2.39022827148438,2.18864440917969,2.28943634033203,1.19511413574219,1.09432220458984,1.14471817016602,4.4871298676099,3.76218628273117,4.1166792047157
831,212.453491733333,2.38912963867188,2.18864440917969,2.28888702392578,1.19456481933594,1.09432220458984,1.14444351196289,4.48300593080281,3.76218628273117,4.11470396906777
832,212.4551584,2.38912963867188,2.19328308105469,2.29120635986328,1.19456481933594,1.09664154052734,1.14560317993164,4.48300593080281,3.77815054011799,4.123047077186
833,212.456825066667,2.38909912109375,2.19546508789063,2.29228210449219,1.19454956054688,1.09773254394531,1.14614105224609,4.4828914040666,3.78567173166867,4.12691961092686
834,212.458491733333,2.38623046875,2.19802856445313,2.29212951660156,1.193115234375,1.09901428222656,1.14606475830078,4.47213242279184,3.79451737116506,4.1263702047276
835,212.4601584,2.38623046875,2.19802856445313,2.29212951660156,1.193115234375,1.09901428222656,1.14606475830078,4.47213242279184,3.79451737116506,4.1263702047276
836,212.461825066667,2.39785766601563,2.19802856445313,2.29794311523438,1.19892883300781,1.09901428222656,1.14897155761719,4.51582061698049,3.79451737116506,4.14732842903605
837,212.463491733333,2.402587890625,2.20307922363281,2.30283355712891,1.2012939453125,1.10153961181641,1.15141677856445,4.53365479893147,3.81197559066712,4.16499975496914
838,212.4651584,2.41258239746094,2.204345703125,2.30846405029297,1.20629119873047,1.1021728515625,1.15423202514648,4.57145228374843,3.81635961510791,4.18539173836567
839,212.466825066667,2.41329956054688,2.20307922363281,2.30818939208984,1.20664978027344,1.10153961181641,1.15409469604492,4.57417050312174,3.81197559066712,4.18439585212873
840,212.468491733333,2.41329956054688,2.20182800292969,2.30756378173828,1.20664978027344,1.10091400146484,1.15378189086914,4.57417050312174,3.80764685995811,4.18212788693887
841,212.4701584,2.40998840332031,2.20182800292969,2.305908203125,1.20499420166016,1.10091400146484,1.1529541015625,4.56162717232167,3.80764685995811,4.17612904282294
842,212.471825066667,2.40385437011719,2.21748352050781,2.3106689453125,1.20192718505859,1.10874176025391,1.15533447265625,4.5384357221904,3.86198589578564,4.19339078566095
843,212.473491733333,2.405029296875,2.21748352050781,2.31125640869141,1.2025146484375,1.10874176025391,1.1556282043457,4.54287328943288,3.86198589578564,4.19552330808907
844,212.4751584,2.40385437011719,2.21253967285156,2.30819702148438,1.20192718505859,1.10626983642578,1.15409851074219,4.5384357221904,3.84478460803724,4.18442351403524
845,212.476825066667,2.405029296875,2.20980834960938,2.30741882324219,1.2025146484375,1.10490417480469,1.15370941162109,4.54287328943288,3.83529789205459,4.18160247053889
846,212.478491733333,2.41580200195313,2.21084594726563,2.31332397460938,1.20790100097656,1.10542297363281,1.15666198730469,4.58366168155314,3.83890040389652,4.20303299063464
847,212.4801584,2.41580200195313,2.21084594726563,2.31332397460938,1.20790100097656,1.10542297363281,1.15666198730469,4.58366168155314,3.83890040389652,4.20303299063464
848,212.481825066667,2.41357421875,2.21197509765625,2.31277465820313,1.206787109375,1.10598754882813,1.15638732910156,4.57521173725904,3.84282270597329,4.20103714320244
849,212.483491733333,2.40284729003906,2.21707153320313,2.30995941162109,1.20142364501953,1.10853576660156,1.15497970581055,4.53463381900301,3.86055098874743,4.19081586446229
850,212.4851584,2.40284729003906,2.21705627441406,2.30995178222656,1.20142364501953,1.10852813720703,1.15497589111328,4.53463381900301,3.86049784916252,4.1907881814349
851,212.486825066667,2.40927124023438,2.21705627441406,2.31316375732422,1.20463562011719,1.10852813720703,1.15658187866211,4.55891268302372,3.86049784916252,4.20245081950487
852,212.488491733333,2.40927124023438,2.21571350097656,2.31249237060547,1.20463562011719,1.10785675048828,1.15624618530273,4.55891268302372,3.85582299788763,4.20001168375651
853,212.4901584,2.4075927734375,2.21571350097656,2.31165313720703,1.20379638671875,1.10785675048828,1.15582656860352,4.5525627810391,3.85582299788763,4.19696375976967
854,212.491825066667,2.39540100097656,2.21571350097656,2.30555725097656,1.19770050048828,1.10785675048828,1.15277862548828,4.50657221510743,3.85582299788763,4.1748579515226
855,212.493491733333,2.39540100097656,2.205322265625,2.30036163330078,1.19770050048828,1.1026611328125,1.15018081665039,4.50657221510743,3.81974178808041,4.15606290728499
856,212.4951584,2.41310119628906,2.205322265625,2.30921173095703,1.20655059814453,1.1026611328125,1.15460586547852,4.57341857438375,3.81974178808041,4.18810336235569
857,212.496825066667,2.41310119628906,2.20747375488281,2.31028747558594,1.20655059814453,1.10373687744141,1.15514373779297,4.57341857438375,3.82719842361636,4.19200632113531
858,212.498491733333,2.41107177734375,2.20892333984375,2.30999755859375,1.20553588867188,1.10446166992188,1.15499877929688,4.56572931585527,3.83222649774154,4.19095428097075
859,212.5001584,2.40655517578125,2.20747375488281,2.30701446533203,1.20327758789063,1.10373687744141,1.15350723266602,4.54863960048003,3.82719842361636,4.18013700977085
860,212.501825066667,2.41107177734375,2.21359252929688,2.31233215332031,1.20553588867188,1.10679626464844,1.15616607666016,4.56572931585527,3.84844462773747,4.19942972191546
861,212.503491733333,2.41294860839844,2.20646667480469,2.30970764160156,1.20647430419922,1.10323333740234,1.15485382080078,4.57284020972111,3.82370717839769,4.18990237283456
862,212.5051584,2.41426086425781,2.21443176269531,2.31434631347656,1.20713043212891,1.10721588134766,1.15717315673828,4.57781534102387,3.85136328188256,4.2067487464165
863,212.506825066667,2.41294860839844,2.21556091308594,2.31425476074219,1.20647430419922,1.10778045654297,1.15712738037109,4.57284020972111,3.85529194399567,4.20641592523887
864,212.508491733333,2.41404724121094,2.21556091308594,2.31480407714844,1.20702362060547,1.10778045654297,1.15740203857422,4.5770052516004,3.85529194399567,4.20841304979855
865,212.5101584,2.41404724121094,2.21145629882813,2.31275177001953,1.20702362060547,1.10572814941406,1.15637588500977,4.5770052516004,3.84102031848519,4.20095399317891
866,212.511825066667,2.41583251953125,2.20936584472656,2.31259918212891,1.20791625976563,1.10468292236328,1.15629959106445,4.58377748834267,3.8337620411088,4.20039968071814
867,212.513491733333,2.42779541015625,2.20936584472656,2.31858062744141,1.21389770507813,1.10468292236328,1.1592903137207,4.62928643549299,3.8337620411088,4.22215611208083
868,212.5151584,2.42105102539063,2.21078491210938,2.31591796875,1.21052551269531,1.10539245605469,1.157958984375,4.6036019630259,3.83868844462185,4.21246422965503
869,212.516825066667,2.42105102539063,2.21234130859375,2.31669616699219,1.21052551269531,1.10617065429688,1.15834808349609,4.6036019630259,3.84409523404205,4.21529566242985
870,212.518491733333,2.4154052734375,2.21551513671875,2.31546020507813,1.20770263671875,1.10775756835938,1.15773010253906,4.58215632641477,3.85513263495981,4.21079912532532
871,212.5201584,2.4154052734375,2.21551513671875,2.31546020507813,1.20770263671875,1.10775756835938,1.15773010253906,4.58215632641477,3.85513263495981,4.21079912532532
872,212.521825066667,2.41252136230469,2.21551513671875,2.31401824951172,1.20626068115234,1.10775756835938,1.15700912475586,4.57122098323383,3.85513263495981,4.20555619813636
873,212.523491733333,2.41252136230469,2.20964050292969,2.31108093261719,1.20626068115234,1.10482025146484,1.15554046630859,4.57122098323383,3.83471529169551,4.19488626409078
874,212.5251584,2.40304565429688,2.21864318847656,2.31084442138672,1.20152282714844,1.10932159423828,1.15542221069336,4.53538255272792,3.86602632484001,4.19402771610024
875,212.526825066667,2.40304565429688,2.21864318847656,2.31084442138672,1.20152282714844,1.10932159423828,1.15542221069336,4.53538255272792,3.86602632484001,4.19402771610024
876,212.528491733333,2.4088134765625,2.22438049316406,2.31659698486328,1.20440673828125,1.11219024658203,1.15829849243164,4.55718045269795,3.8860468941828,4.21493474065316
877,212.5301584,2.41325378417969,2.22438049316406,2.31881713867188,1.20662689208984,1.11219024658203,1.15940856933594,4.57399697561934,3.8860468941828,4.22301753415681
878,212.531825066667,2.41325378417969,2.219970703125,2.31661224365234,1.20662689208984,1.1099853515625,1.15830612182617,4.57399697561934,3.87065414604162,4.21499026607458
879,212.533491733333,2.41484069824219,2.219970703125,2.31740570068359,1.20742034912109,1.1099853515625,1.1587028503418,4.58001451651407,3.87065414604162,4.21787809196412
880,212.5351584,2.41484069824219,2.21649169921875,2.31566619873047,1.20742034912109,1.10824584960938,1.15783309936523,4.58001451651407,3.85853194162887,4.21154838154056
881,212.536825066667,2.41314697265625,2.22200012207031,2.31757354736328,1.20657348632813,1.11100006103516,1.15878677368164,4.57359209091427,3.87773421183478,4.21848910493527
882,212.538491733333,2.41314697265625,2.22200012207031,2.31757354736328,1.20657348632813,1.11100006103516,1.15878677368164,4.57359209091427,3.87773421183478,4.21848910493527
883,212.5401584,2.42010498046875,2.22200012207031,2.32105255126953,1.21005249023438,1.11100006103516,1.16052627563477,4.60000487787858,3.87773421183478,4.23116370209454
884,212.541825066667,2.42010498046875,2.2203369140625,2.32022094726563,1.21005249023438,1.11016845703125,1.16011047363281,4.60000487787858,3.87193127352482,4.22813229952731
885,212.543491733333,2.42010498046875,2.21633911132813,2.31822204589844,1.21005249023438,1.10816955566406,1.15911102294922,4.60000487787858,3.85800070121486,4.22085025265798
886,212.5451584,2.41738891601563,2.2203369140625,2.31886291503906,1.20869445800781,1.11016845703125,1.15943145751953,4.58968557443817,3.87193127352482,4.22318427115921
887,212.546825066667,2.41778564453125,2.22035217285156,2.31906890869141,1.20889282226563,1.11017608642578,1.1595344543457,4.59119216574232,3.87198449174158,4.22393462840318
888,212.548491733333,2.41778564453125,2.22561645507813,2.32170104980469,1.20889282226563,1.11280822753906,1.16085052490234,4.59119216574232,3.89036660508752,4.2335283937363
889,212.5501584,2.41961669921875,2.2259521484375,2.32278442382813,1.20980834960938,1.11297607421875,1.16139221191406,4.59814886785974,3.8915402742727,4.23748029338878
890,212.551825066667,2.42657470703125,2.22596740722656,2.32627105712891,1.21328735351563,1.11298370361328,1.16313552856445,4.62463236643233,3.89159362707791,4.25021124548975
891,212.553491733333,2.426513671875,2.22596740722656,2.32624053955078,1.2132568359375,1.11298370361328,1.16312026977539,4.62439972442186,3.89159362707791,4.25009973199905
892,212.5551584,2.426513671875,2.22596740722656,2.32624053955078,1.2132568359375,1.11298370361328,1.16312026977539,4.62439972442186,3.89159362707791,4.25009973199905
893,212.556825066667,2.426513671875,2.22618103027344,2.32634735107422,1.2132568359375,1.11309051513672,1.16317367553711,4.62439972442186,3.89234060475253,4.25049003561676
894,212.558491733333,2.42633056640625,2.2303466796875,2.32833862304688,1.21316528320313,1.11517333984375,1.16416931152344,4.62370183350047,3.9069209970444,4.25776969148365
895,212.5601584,2.42793273925781,2.22618103027344,2.32705688476563,1.21396636962891,1.11309051513672,1.16352844238281,4.62981016473698,3.89234060475253,4.25308322171337
896,212.561825066667,2.41777038574219,2.22404479980469,2.32090759277344,1.20888519287109,1.11202239990234,1.16045379638672,4.59113421535131,3.88487405374071,4.23063521429805
897,212.563491733333,2.42755126953125,2.22404479980469,2.32579803466797,1.21377563476563,1.11202239990234,1.16289901733398,4.62835543442734,3.88487405374071,4.24848295077934
898,212.5651584,2.42755126953125,2.23469543457031,2.33112335205078,1.21377563476563,1.11734771728516,1.16556167602539,4.62835543442734,3.92217136668351,4.26796049882882
899,212.566825066667,2.42787170410156,2.23469543457031,2.33128356933594,1.21393585205078,1.11734771728516,1.16564178466797,4.6295773925268,3.92217136668351,4.26854718982686
900,212.568491733333,2.42787170410156,2.23020935058594,2.32904052734375,1.21393585205078,1.11510467529297,1.16452026367188,4.6295773925268,3.90643989028437,4.26033718512721
901,212.5701584,2.42080688476563,2.22993469238281,2.32537078857422,1.21040344238281,1.11496734619141,1.16268539428711,4.60267354839942,3.90547776563659,4.24692221248832
902,212.571825066667,2.42080688476563,2.22459411621094,2.32270050048828,1.21040344238281,1.11229705810547,1.16135025024414,4.60267354839942,3.88679333935523,4.23717409444008
903,212.573491733333,2.41827392578125,2.22515869140625,2.32171630859375,1.20913696289063,1.11257934570313,1.16085815429688,4.5930467713598,3.88876643237676,4.23358404149425
904,212.5751584,2.41905212402344,2.22515869140625,2.32210540771484,1.20952606201172,1.11257934570313,1.16105270385742,4.59600332312919,3.88876643237676,4.2350031828929
905,212.576825066667,2.41905212402344,2.23739624023438,2.32822418212891,1.20952606201172,1.11869812011719,1.16411209106445,4.59600332312919,3.9316576024633,4.25735115176408
906,212.578491733333,2.42439270019531,2.23739624023438,2.33089447021484,1.21219635009766,1.11869812011719,1.16544723510742,4.61631904936073,3.9316576024633,4.2671224387774
907,212.5801584,2.42607116699219,2.23739624023438,2.33173370361328,1.21303558349609,1.11869812011719,1.16586685180664,4.6227132448475,3.9316576024633,4.27019572793509
908,212.581825066667,2.42607116699219,2.25247192382813,2.33927154541016,1.21303558349609,1.12623596191406,1.16963577270508,4.6227132448475,3.98481950125835,4.29784904638966
909,212.583491733333,2.43228149414063,2.25247192382813,2.34237670898438,1.21614074707031,1.12623596191406,1.17118835449219,4.64641024636844,3.98481950125835,4.30926660225097
910,212.5851584,2.43228149414063,2.244384765625,2.33833312988281,1.21614074707031,1.1221923828125,1.16916656494141,4.64641024636844,3.95625709003356,4.29440151220316
911,212.586825066667,2.42507934570313,2.24229431152344,2.33368682861328,1.21253967285156,1.12114715576172,1.16684341430664,4.6189343217259,3.94889068618755,4.27735239339893
912,212.588491733333,2.42507934570313,2.24229431152344,2.33368682861328,1.21253967285156,1.12114715576172,1.16684341430664,4.6189343217259,3.94889068618755,4.27735239339893
913,212.5901584,2.43190002441406,2.24229431152344,2.33709716796875,1.21595001220703,1.12114715576172,1.16854858398438,4.64495291023597,3.94889068618755,4.28986296813744
914,212.591825066667,2.43190002441406,2.23863220214844,2.33526611328125,1.21595001220703,1.11931610107422,1.16763305664063,4.64495291023597,3.93600258271774,4.2831436098492
915,212.593491733333,2.41232299804688,2.23802185058594,2.32517242431641,1.20616149902344,1.11901092529297,1.1625862121582,4.57046929697451,3.93385661355808,4.24619768146298
916,212.5951584,2.41232299804688,2.23802185058594,2.32517242431641,1.20616149902344,1.11901092529297,1.1625862121582,4.57046929697451,3.93385661355808,4.24619768146298
917,212.596825066667,2.42219543457031,2.23406982421875,2.32813262939453,1.21109771728516,1.11703491210938,1.16406631469727,4.60795515463952,3.91997562447917,4.25701633480046
918,212.598491733333,2.42219543457031,2.2333984375,2.32779693603516,1.21109771728516,1.11669921875,1.16389846801758,4.60795515463952,3.91761990212531,4.25578878524524
919,212.6001584,2.42742919921875,2.2333984375,2.33041381835938,1.21371459960938,1.11669921875,1.16520690917969,4.62788996900455,3.91761990212531,4.26536278052057
920,212.601825066667,2.43289184570313,2.2391357421875,2.33601379394531,1.21644592285156,1.11956787109375,1.16800689697266,4.64874245962877,3.93777344779567,4.2858867116304
921,212.603491733333,2.43289184570313,2.25028991699219,2.34159088134766,1.21644592285156,1.12514495849609,1.17079544067383,4.64874245962877,3.97710291944317,4.3063757156168
922,212.6051584,2.4178466796875,2.25028991699219,2.33406829833984,1.20892333984375,1.12514495849609,1.16703414916992,4.59142397096365,3.97710291944317,4.27875087908004
923,212.606825066667,2.4178466796875,2.25028991699219,2.33406829833984,1.20892333984375,1.12514495849609,1.16703414916992,4.59142397096365,3.97710291944317,4.27875087908004
924,212.608491733333,2.4322509765625,2.23712158203125,2.33468627929688,1.21612548828125,1.11856079101563,1.16734313964844,4.64629365106607,3.93069237716065,4.28101691097794
925,212.6101584,2.4322509765625,2.2337646484375,2.3330078125,1.21612548828125,1.11688232421875,1.16650390625,4.64629365106607,3.91890475381597,4.27486365444154
926,212.611825066667,2.4212646484375,2.2337646484375,2.3275146484375,1.21063232421875,1.11688232421875,1.16375732421875,4.60441440262727,3.91890475381597,4.25475666467613
927,212.613491733333,2.4212646484375,2.23611450195313,2.32868957519531,1.21063232421875,1.11805725097656,1.16434478759766,4.60441440262727,3.92715423151983,4.25905334156997
928,212.6151584,2.43618774414063,2.23611450195313,2.33615112304688,1.21809387207031,1.11805725097656,1.16807556152344,4.66134652292431,3.92715423151983,4.28639064210684
929,212.616825066667,2.43618774414063,2.23603820800781,2.33611297607422,1.21809387207031,1.11801910400391,1.16805648803711,4.66134652292431,3.92688625510039,4.28625065844739
930,212.618491733333,2.42831420898438,2.23603820800781,2.33217620849609,1.21415710449219,1.11801910400391,1.16608810424805,4.63126512362757,3.92688625510039,4.27181663494951
931,212.6201584,2.42674255371094,2.24711608886719,2.33692932128906,1.21337127685547,1.12355804443359,1.16846466064453,4.62527216213382,3.96589215102966,4.28924680770617
932,212.621825066667,2.42674255371094,2.24711608886719,2.33692932128906,1.21337127685547,1.12355804443359,1.16846466064453,4.62527216213382,3.96589215102966,4.28924680770617
933,212.623491733333,2.42674255371094,2.24711608886719,2.33692932128906,1.21337127685547,1.12355804443359,1.16846466064453,4.62527216213382,3.96589215102966,4.28924680770617
934,212.6251584,2.42359924316406,2.22958374023438,2.32659149169922,1.21179962158203,1.11479187011719,1.16329574584961,4.61329787921973,3.90424855658367,4.25138222546577
935,212.626825066667,2.41876220703125,2.23846435546875,2.32861328125,1.20938110351563,1.11923217773438,1.164306640625,4.59490175148431,3.93541238286498,4.25877427074555
936,212.628491733333,2.41876220703125,2.23846435546875,2.32861328125,1.20938110351563,1.11923217773438,1.164306640625,4.59490175148431,3.93541238286498,4.25877427074555
937,212.6301584,2.41876220703125,2.23916625976563,2.32896423339844,1.20938110351563,1.11958312988281,1.16448211669922,4.59490175148431,3.93788078575244,4.2600580722439
938,212.631825066667,2.42724609375,2.24478149414063,2.33601379394531,1.213623046875,1.12239074707031,1.16800689697266,4.62719181475791,3.95765586866402,4.2858867116304
939,212.633491733333,2.42938232421875,2.24935913085938,2.33937072753906,1.21469116210938,1.12467956542969,1.16968536376953,4.63534022457189,3.97381350626591,4.29821350074779
940,212.6351584,2.43251037597656,2.24935913085938,2.34093475341797,1.21625518798828,1.12467956542969,1.17046737670898,4.64728475776678,3.97381350626591,4.30396270868252
941,212.636825066667,2.43251037597656,2.2392578125,2.33588409423828,1.21625518798828,1.11962890625,1.16794204711914,4.64728475776678,3.93820280840026,4.28541080449267
942,212.638491733333,2.43251037597656,2.2392578125,2.33588409423828,1.21625518798828,1.11962890625,1.16794204711914,4.64728475776678,3.93820280840026,4.28541080449267
943,212.6401584,2.422607421875,2.24374389648438,2.33317565917969,1.2113037109375,1.12187194824219,1.16658782958984,4.60952280722997,3.95399804681534,4.27547878095545
944,212.641825066667,2.422607421875,2.24374389648438,2.33317565917969,1.2113037109375,1.12187194824219,1.16658782958984,4.60952280722997,3.95399804681534,4.27547878095545
945,212.643491733333,2.42898559570313,2.24365234375,2.33631896972656,1.21449279785156,1.121826171875,1.16815948486328,4.63382640645243,3.95367537902065,4.28700659736385
946,212.6451584,2.4305419921875,2.24119567871094,2.33586883544922,1.21527099609375,1.12059783935547,1.16793441772461,4.63976664895023,3.94502204321447,4.28535481715486
947,212.646825066667,2.43296813964844,2.24365234375,2.33831024169922,1.21648406982422,1.121826171875,1.16915512084961,4.64903402743088,3.95367537902065,4.29431744328421
948,212.648491733333,2.4305419921875,2.23439025878906,2.33246612548828,1.21527099609375,1.11719512939453,1.16623306274414,4.63976664895023,3.9211001961221,4.27287877528335
949,212.6501584,2.43547058105469,2.24681091308594,2.34114074707031,1.21773529052734,1.12340545654297,1.17057037353516,4.65860251961985,3.96481502639167,4.30472020780111
950,212.651825066667,2.43190002441406,2.25254821777344,2.34222412109375,1.21595001220703,1.12627410888672,1.17111206054688,4.64495291023597,3.98508944713125,4.30870518915158
951,212.653491733333,2.43547058105469,2.25254821777344,2.34400939941406,1.21773529052734,1.12627410888672,1.17200469970703,4.65860251961985,3.98508944713125,4.31527601169843
952,212.6551584,2.43190002441406,2.24935913085938,2.34062957763672,1.21595001220703,1.12467956542969,1.17031478881836,4.64495291023597,3.97381350626591,4.30284061028547
953,212.656825066667,2.42341613769531,2.24842834472656,2.33592224121094,1.21170806884766,1.12421417236328,1.16796112060547,4.6126008265504,3.97052545396819,4.28555077443727
954,212.658491733333,2.42341613769531,2.24807739257813,2.33574676513672,1.21170806884766,1.12403869628906,1.16787338256836,4.6126008265504,3.96928604983917,4.28490693161863
955,212.6601584,2.42623901367188,2.24807739257813,2.337158203125,1.21311950683594,1.12403869628906,1.1685791015625,4.62335290778917,3.96928604983917,4.29008703744797
956,212.661825066667,2.43367004394531,2.24102783203125,2.33734893798828,1.21683502197266,1.12051391601563,1.16867446899414,4.65171688021104,3.94443116749356,4.29078729175923
957,212.663491733333,2.43367004394531,2.24102783203125,2.33734893798828,1.21683502197266,1.12051391601563,1.16867446899414,4.65171688021104,3.94443116749356,4.29078729175923
958,212.6651584,2.43138122558594,2.24197387695313,2.33667755126953,1.21569061279297,1.12098693847656,1.16833877563477,4.64297129992252,3.94776213613892,4.28832265003415
959,212.666825066667,2.4293212890625,2.24571228027344,2.33751678466797,1.21466064453125,1.12285614013672,1.16875839233398,4.63510731338449,3.96093858899107,4.29140356282368
960,212.668491733333,2.42416381835938,2.24571228027344,2.33493804931641,1.21208190917969,1.12285614013672,1.1674690246582,4.61544745648396,3.96093858899107,4.28194028114287
961,212.6701584,2.42416381835938,2.24879455566406,2.33647918701172,1.21208190917969,1.12439727783203,1.16823959350586,4.61544745648396,3.97181895150469,4.28759459593635
962,212.671825066667,2.43368530273438,2.24879455566406,2.34123992919922,1.21684265136719,1.12439727783203,1.17061996459961,4.65177521169221,3.97181895150469,4.30508495337137
963,212.673491733333,2.43368530273438,2.24433898925781,2.33901214599609,1.21684265136719,1.12216949462891,1.16950607299805,4.65177521169221,3.95609570840851,4.29689593112287
964,212.6751584,2.43368530273438,2.24293518066406,2.33831024169922,1.21684265136719,1.12146759033203,1.16915512084961,4.65177521169221,3.95114827014499,4.29431744328421
965,212.676825066667,2.43157958984375,2.24211120605469,2.33684539794922,1.21578979492188,1.12105560302734,1.16842269897461,4.64372892453205,3.94824578069608,4.28893874408552
966,212.678491733333,2.42889404296875,2.23796081542969,2.33342742919922,1.21444702148438,1.11898040771484,1.16671371459961,4.63347709891951,3.93364204882632,4.27640155370121
967,212.6801584,2.42527770996094,2.23796081542969,2.33161926269531,1.21263885498047,1.11898040771484,1.16580963134766,4.61968998273364,3.93364204882632,4.26977657790438
968,212.681825066667,2.42799377441406,2.24809265136719,2.33804321289063,1.21399688720703,1.12404632568359,1.16902160644531,4.63004294279884,3.96933993295219,4.29333670003232
969,212.683491733333,2.42799377441406,2.24884033203125,2.33841705322266,1.21399688720703,1.12442016601563,1.16920852661133,4.63004294279884,3.9719806535088,4.29470977194628
970,212.6851584,2.43142700195313,2.24960327148438,2.34051513671875,1.21571350097656,1.12480163574219,1.17025756835938,4.64314613088493,3.97467617150223,4.30241986110244
971,212.686825066667,2.43421936035156,2.24960327148438,2.34191131591797,1.21710968017578,1.12480163574219,1.17095565795898,4.65381704394272,3.97467617150223,4.30755440663401
972,212.688491733333,2.43421936035156,2.24960327148438,2.34191131591797,1.21710968017578,1.12480163574219,1.17095565795898,4.65381704394272,3.97467617150223,4.30755440663401
973,212.6901584,2.43421936035156,2.2479248046875,2.34107208251953,1.21710968017578,1.12396240234375,1.17053604125977,4.65381704394272,3.9687472388241,4.30446770068889
974,212.691825066667,2.43431091308594,2.2501220703125,2.34221649169922,1.21715545654297,1.12506103515625,1.17110824584961,4.65416711731325,3.97650964599952,4.30867711945665
975,212.693491733333,2.43431091308594,2.2479248046875,2.34111785888672,1.21715545654297,1.12396240234375,1.17055892944336,4.65416711731325,3.9687472388241,4.30463603794081
976,212.6951584,2.43431091308594,2.249267578125,2.34178924560547,1.21715545654297,1.1246337890625,1.17089462280273,4.65416711731325,3.97349003094043,4.30710536246666
977,212.696825066667,2.4334716796875,2.249267578125,2.34136962890625,1.21673583984375,1.1246337890625,1.17068481445313,4.65095860423723,3.97349003094043,4.30556195166312
978,212.698491733333,2.4334716796875,2.25802612304688,2.34574890136719,1.21673583984375,1.12901306152344,1.17287445068359,4.65095860423723,4.00449545684087,4.32168316717646
979,212.7001584,2.43614196777344,2.25837707519531,2.34725952148438,1.21807098388672,1.12918853759766,1.17362976074219,4.66117134963907,4.00574034544977,4.32725113195025
980,212.701825066667,2.43614196777344,2.25837707519531,2.34725952148438,1.21807098388672,1.12918853759766,1.17362976074219,4.66117134963907,4.00574034544977,4.32725113195025
981,212.703491733333,2.43644714355469,2.25177001953125,2.34410858154297,1.21822357177734,1.12588500976563,1.17205429077148,4.6623392337147,3.98233642822839,4.31564120419016
982,212.7051584,2.43089294433594,2.25177001953125,2.34133148193359,1.21544647216797,1.12588500976563,1.1706657409668,4.641106641132,3.98233642822839,4.30542165530493
983,212.706825066667,2.43089294433594,2.25177001953125,2.34133148193359,1.21544647216797,1.12588500976563,1.1706657409668,4.641106641132,3.98233642822839,4.30542165530493
984,212.708491733333,2.43089294433594,2.24806213378906,2.3394775390625,1.21544647216797,1.12403106689453,1.16973876953125,4.641106641132,3.96923216709188,4.29860600733726
985,212.7101584,2.433837890625,2.24493408203125,2.33938598632813,1.2169189453125,1.12246704101563,1.16969299316406,4.65235854661902,3.95819392627628,4.29826957202052
986,212.711825066667,2.44186401367188,2.24493408203125,2.34339904785156,1.22093200683594,1.12246704101563,1.17169952392578,4.68309351992832,3.95819392627628,4.31302901341622
987,212.713491733333,2.44548034667969,2.25895690917969,2.35221862792969,1.22274017333984,1.12947845458984,1.17610931396484,4.69697485498735,4.00779754181454,4.34555500295138
988,212.7151584,2.44548034667969,2.25895690917969,2.35221862792969,1.22274017333984,1.12947845458984,1.17610931396484,4.69697485498735,4.00779754181454,4.34555500295138
989,212.716825066667,2.43937683105469,2.25579833984375,2.34758758544922,1.21968841552734,1.12789916992188,1.17379379272461,4.67355836416795,3.99659763245907,4.32846081017821
990,212.718491733333,2.43937683105469,2.25579833984375,2.34758758544922,1.21968841552734,1.12789916992188,1.17379379272461,4.67355836416795,3.99659763245907,4.32846081017821
991,212.7201584,2.45181274414063,2.26252746582031,2.35717010498047,1.22590637207031,1.13126373291016,1.17858505249023,4.72133131364591,4.02047717945806,4.36386925523064
992,212.721825066667,2.45181274414063,2.26365661621094,2.35773468017578,1.22590637207031,1.13182830810547,1.17886734008789,4.72133131364591,4.02449114725021,4.36595992096669
993,212.723491733333,2.43269348144531,2.40025329589844,2.41647338867188,1.21634674072266,1.20012664794922,1.20823669433594,4.64798442613363,4.52484837459997,4.58620976885692
994,212.7251584,2.42733764648438,2.40025329589844,2.41379547119141,1.21366882324219,1.20012664794922,1.2068977355957,4.6275408852981,4.52484837459997,4.57605059537799
995,212.726825066667,2.42156982421875,2.40025329589844,2.41091156005859,1.21078491210938,1.20012664794922,1.2054557800293,4.60557515497726,4.52484837459997,4.56512254466081
996,212.728491733333,2.41683959960938,2.38777160644531,2.40230560302734,1.20841979980469,1.19388580322266,1.20115280151367,4.58759993309426,4.47791090696319,4.53258951483239
997,212.7301584,2.41390991210938,2.43095397949219,2.42243194580078,1.20695495605469,1.21547698974609,1.21121597290039,4.57648451768117,4.64133970299996,4.60885507075321
998,212.731825066667,2.41683959960938,2.38777160644531,2.40230560302734,1.20841979980469,1.19388580322266,1.20115280151367,4.58759993309426,4.47791090696319,4.53258951483239
999,212.733491733333,2.4169921875,2.35252380371094,2.38475799560547,1.20849609375,1.17626190185547,1.19237899780273,4.58817923036718,4.34668265677983,4.46661488100979
1000,212.7351584,2.4169921875,2.35186767578125,2.38442993164063,1.20849609375,1.17593383789063,1.19221496582031,4.58817923036718,4.34425838190191,4.46538604806397
1001,212.736825066667,2.43055725097656,2.35049438476563,2.39052581787109,1.21527862548828,1.17524719238281,1.19526290893555,4.63982490545685,4.33918650709511,4.48824709343827
1002,212.738491733333,2.42405700683594,2.34103393554688,2.38254547119141,1.21202850341797,1.17051696777344,1.1912727355957,4.61504074130264,4.30432742216001,4.45833067765376
1003,212.7401584,2.43055725097656,2.34103393554688,2.38579559326172,1.21527862548828,1.17051696777344,1.19289779663086,4.63982490545685,4.30432742216001,4.47050253533477
1004,212.741825066667,2.42948913574219,2.35862731933594,2.39405822753906,1.21474456787109,1.17931365966797,1.19702911376953,4.63574783323042,4.36926645462852,4.50152119492931
1005,212.743491733333,2.42948913574219,2.3682861328125,2.39888763427734,1.21474456787109,1.18414306640625,1.19944381713867,4.63574783323042,4.40512488797905,4.51970087300873
1006,212.7451584,2.42684936523438,2.3682861328125,2.39756774902344,1.21342468261719,1.18414306640625,1.19878387451172,4.6256793278939,4.40512488797905,4.51472869730337
1007,212.746825066667,2.41937255859375,2.34683227539063,2.38310241699219,1.20968627929688,1.17341613769531,1.19155120849609,4.59722100329046,4.32567599049929,4.46041528741184
1008,212.748491733333,2.41468811035156,2.34683227539063,2.38076019287109,1.20734405517578,1.17341613769531,1.19038009643555,4.57943573491978,4.32567599049929,4.45165178806834
1009,212.7501584,2.41937255859375,2.34683227539063,2.38310241699219,1.20968627929688,1.17341613769531,1.19155120849609,4.59722100329046,4.32567599049929,4.46041528741184
1010,212.751825066667,2.41477966308594,2.31832885742188,2.36655426025391,1.20738983154297,1.15916442871094,1.18327713012695,4.5797829994876,4.22123921093965,4.39868451296873
1011,212.753491733333,2.42149353027344,2.31832885742188,2.36991119384766,1.21074676513672,1.15916442871094,1.18495559692383,4.60528495317491,4.22123921093965,4.41117234376558
1012,212.7551584,2.41500854492188,2.34239196777344,2.37870025634766,1.20750427246094,1.17119598388672,1.18935012817383,4.58065121850955,4.30932274557243,4.44395159806738
1013,212.756825066667,2.41500854492188,2.34474182128906,2.37987518310547,1.20750427246094,1.17237091064453,1.18993759155273,4.58065121850955,4.31797318205783,4.44834274161613
1014,212.758491733333,2.41500854492188,2.34239196777344,2.37870025634766,1.20750427246094,1.17119598388672,1.18935012817383,4.58065121850955,4.30932274557243,4.44395159806738
1015,212.7601584,2.42083740234375,2.3408203125,2.38082885742188,1.21041870117188,1.17041015625,1.19041442871094,4.60278959510751,4.30354190464005,4.45190857586173
1016,212.761825066667,2.42083740234375,2.3408203125,2.38082885742188,1.21041870117188,1.17041015625,1.19041442871094,4.60278959510751,4.30354190464005,4.45190857586173
1017,212.763491733333,2.42083740234375,2.3408203125,2.38082885742188,1.21041870117188,1.17041015625,1.19041442871094,4.60278959510751,4.30354190464005,4.45190857586173
1018,212.7651584,2.416015625,2.34556579589844,2.38079071044922,1.2080078125,1.17278289794922,1.19039535522461,4.58447235980114,4.32100850593125,4.45176591506219
1019,212.766825066667,2.4239501953125,2.31416320800781,2.36905670166016,1.21197509765625,1.15708160400391,1.18452835083008,4.61463404404207,4.20608311722751,4.40799194376915
1020,212.768491733333,2.4239501953125,2.33316040039063,2.37855529785156,1.21197509765625,1.16658020019531,1.18927764892578,4.61463404404207,4.27542285853463,4.44340998387269
1021,212.7701584,2.4239501953125,2.29981994628906,2.36188507080078,1.21197509765625,1.14990997314453,1.18094253540039,4.61463404404207,4.15410580610673,4.38134450876795
1022,212.771825066667,2.42416381835938,2.33316040039063,2.378662109375,1.21208190917969,1.16658020019531,1.1893310546875,4.61544745648396,4.27542285853463,4.44380906481601
1023,212.773491733333,2.42172241210938,2.3433837890625,2.38255310058594,1.21086120605469,1.17169189453125,1.19127655029297,4.60615558601169,4.31297284595662,4.45835923066025
1024,212.7751584,2.42416381835938,2.3433837890625,2.38377380371094,1.21208190917969,1.17169189453125,1.19188690185547,4.61544745648396,4.31297284595662,4.46292888934773
1025,212.776825066667,2.42172241210938,2.3182373046875,2.36997985839844,1.21086120605469,1.15911865234375,1.18498992919922,4.60615558601169,4.2209058170296,4.41142796140736
1026,212.778491733333,2.43072509765625,2.3182373046875,2.37448120117188,1.21536254882813,1.15911865234375,1.18724060058594,4.64046575116779,4.2209058170296,4.42820127448318
1027,212.7801584,2.42047119140625,2.34820556640625,2.38433837890625,1.21023559570313,1.17410278320313,1.19216918945313,4.60139713116294,4.33073996554846,4.46504314811224
1028,212.781825066667,2.43104553222656,2.34820556640625,2.38962554931641,1.21552276611328,1.17410278320313,1.1948127746582,4.64168930677379,4.33073996554846,4.48486719530338
1029,212.783491733333,2.43104553222656,2.34046936035156,2.38575744628906,1.21552276611328,1.17023468017578,1.19287872314453,4.64168930677379,4.30225156718946,4.47035957692284
1030,212.7851584,2.43104553222656,2.34046936035156,2.38575744628906,1.21552276611328,1.17023468017578,1.19287872314453,4.64168930677379,4.30225156718946,4.47035957692284
1031,212.786825066667,2.42111206054688,2.34046936035156,2.38079071044922,1.21055603027344,1.17023468017578,1.19039535522461,4.6038340813117,4.30225156718946,4.45176591506219
1032,212.788491733333,2.42111206054688,2.32591247558594,2.37351226806641,1.21055603027344,1.16295623779297,1.1867561340332,4.6038340813117,4.24890105436646,4.42458805961256
1033,212.7901584,2.43817138671875,2.32591247558594,2.38204193115234,1.21908569335938,1.16295623779297,1.19102096557617,4.66894052701649,4.24890105436646,4.4564463813824
1034,212.791825066667,2.43817138671875,2.35835266113281,2.39826202392578,1.21908569335938,1.17917633056641,1.19913101196289,4.66894052701649,4.36824892634724,4.51734377807198
1035,212.793491733333,2.43551635742188,2.36618041992188,2.40084838867188,1.21775817871094,1.18309020996094,1.20042419433594,4.65877764462879,4.39729491812652,4.52709233641285
1036,212.7951584,2.43551635742188,2.35835266113281,2.39693450927734,1.21775817871094,1.17917633056641,1.19846725463867,4.65877764462879,4.36824892634724,4.5123441739784
1037,212.796825066667,2.44003295898438,2.36479187011719,2.40241241455078,1.22001647949219,1.18239593505859,1.20120620727539,4.6760728297741,4.39213548785554,4.5329925805817
1038,212.798491733333,2.44003295898438,2.34149169921875,2.39076232910156,1.22001647949219,1.17074584960938,1.19538116455078,4.6760728297741,4.30601091536998,4.48913524394188
1039,212.8001584,2.42253112792969,2.36479187011719,2.39366149902344,1.21126556396484,1.18239593505859,1.19683074951172,4.60923248107958,4.39213548785554,4.50002939006965
1040,212.801825066667,2.42253112792969,2.34149169921875,2.38201141357422,1.21126556396484,1.17074584960938,1.19100570678711,4.60923248107958,4.30601091536998,4.45633219440891
1041,212.803491733333,2.43734741210938,2.369384765625,2.40336608886719,1.21867370605469,1.1846923828125,1.20168304443359,4.66578534407046,4.40921285455641,4.53659217623359
1042,212.8051584,2.4375,2.36238098144531,2.39994049072266,1.21875,1.18119049072266,1.19997024536133,4.66636955674812,4.38318455044164,4.52366907926045
1043,212.806825066667,2.4375,2.36387634277344,2.40068817138672,1.21875,1.18193817138672,1.20034408569336,4.66636955674812,4.38873532245358,4.52648813812556
1044,212.808491733333,2.42817687988281,2.36238098144531,2.39527893066406,1.21408843994141,1.18119049072266,1.19763946533203,4.63074131209444,4.38318455044164,4.50611291442143
1045,212.8101584,2.42817687988281,2.34419250488281,2.38618469238281,1.21408843994141,1.17209625244141,1.19309234619141,4.63074131209444,4.3159502252907,4.47196084170194
1046,212.811825066667,2.42817687988281,2.34419250488281,2.38618469238281,1.21408843994141,1.17209625244141,1.19309234619141,4.63074131209444,4.3159502252907,4.47196084170194
1047,212.813491733333,2.43472290039063,2.35714721679688,2.39593505859375,1.21736145019531,1.17857360839844,1.19796752929688,4.65574261041315,4.36378450907205,4.50858193082016
1048,212.8151584,2.43106079101563,2.35714721679688,2.39410400390625,1.21553039550781,1.17857360839844,1.19705200195313,4.64174757534948,4.36378450907205,4.5016933421685
1049,212.816825066667,2.43106079101563,2.3358154296875,2.38343811035156,1.21553039550781,1.16790771484375,1.19171905517578,4.64174757534948,4.28515886435264,4.46167199987324
1050,212.818491733333,2.42323303222656,2.3358154296875,2.37952423095703,1.21161651611328,1.16790771484375,1.18976211547852,4.61190382654612,4.28515886435264,4.4470308742173
1051,212.8201584,2.42323303222656,2.34138488769531,2.38230895996094,1.21161651611328,1.17069244384766,1.19115447998047,4.61190382654612,4.30561807084642,4.45744557980302
1052,212.821825066667,2.44526672363281,2.36282348632813,2.40404510498047,1.22263336181641,1.18141174316406,1.20202255249023,4.69615428960751,4.38482675992055,4.5391559590483
1053,212.823491733333,2.44526672363281,2.36282348632813,2.40404510498047,1.22263336181641,1.18141174316406,1.20202255249023,4.69615428960751,4.38482675992055,4.5391559590483
1054,212.8251584,2.445068359375,2.33135986328125,2.38821411132813,1.2225341796875,1.16567993164063,1.19410705566406,4.69539240022605,4.26882658066461,4.4795707650858
1055,212.826825066667,2.41973876953125,2.32730102539063,2.37351989746094,1.20986938476563,1.16365051269531,1.18675994873047,4.59861283525442,4.25397568366514,4.42461650436311
1056,212.828491733333,2.44252014160156,2.32730102539063,2.38491058349609,1.22126007080078,1.16365051269531,1.19245529174805,4.68561054893268,4.25397568366514,4.46718648881955
1057,212.8301584,2.44252014160156,2.32730102539063,2.38491058349609,1.22126007080078,1.16365051269531,1.19245529174805,4.68561054893268,4.25397568366514,4.46718648881955
1058,212.831825066667,2.44252014160156,2.33596801757813,2.38924407958984,1.22126007080078,1.16798400878906,1.19462203979492,4.68561054893268,4.28571874138805,4.48343541909272
1059,212.833491733333,2.43919372558594,2.34910583496094,2.39414978027344,1.21959686279297,1.17455291748047,1.19707489013672,4.67285677352674,4.33406129008925,4.50186549269926
1060,212.8351584,2.43919372558594,2.36434936523438,2.40177154541016,1.21959686279297,1.18217468261719,1.20088577270508,4.67285677352674,4.39049191018251,4.53057445489706
1061,212.836825066667,2.44575500488281,2.34910583496094,2.39743041992188,1.22287750244141,1.17455291748047,1.19871520996094,4.69802997294868,4.33406129008925,4.51421151827507
1062,212.838491733333,2.44644165039063,2.32002258300781,2.38323211669922,1.22322082519531,1.16001129150391,1.19161605834961,4.70066828627359,4.22740937314024,4.46090081442456
1063,212.8401584,2.44644165039063,2.32002258300781,2.38323211669922,1.22322082519531,1.16001129150391,1.19161605834961,4.70066828627359,4.22740937314024,4.46090081442456
1064,212.841825066667,2.44644165039063,2.34980773925781,2.39812469482422,1.22322082519531,1.17490386962891,1.19906234741211,4.70066828627359,4.33665168059512,4.51682644927744
1065,212.843491733333,2.44451904296875,2.34980773925781,2.39716339111328,1.22225952148438,1.17490386962891,1.19858169555664,4.69328287528158,4.33665168059512,4.51320597719025
1066,212.8451584,2.43417358398438,2.36183166503906,2.39800262451172,1.21708679199219,1.18091583251953,1.19900131225586,4.6536420121948,4.38114637347482,4.51636662632969
1067,212.846825066667,2.43417358398438,2.374267578125,2.40422058105469,1.21708679199219,1.1871337890625,1.20211029052734,4.6536420121948,4.42740453345572,4.53981862742824
1068,212.848491733333,2.438720703125,2.39131164550781,2.41501617431641,1.2193603515625,1.19565582275391,1.2075080871582,4.67104457479567,4.4911983841428,4.58068016056082
1069,212.8501584,2.44390869140625,2.39131164550781,2.41761016845703,1.22195434570313,1.19565582275391,1.20880508422852,4.69093951458549,4.4911983841428,4.59052575832663
1070,212.851825066667,2.44566345214844,2.33161926269531,2.38864135742188,1.22283172607422,1.16580963134766,1.19432067871094,4.69767825379531,4.26977657790438,4.48117367857358
1071,212.853491733333,2.44715881347656,2.33161926269531,2.38938903808594,1.22357940673828,1.16580963134766,1.19469451904297,4.70342464867572,4.26977657790438,4.48397946712593
1072,212.8551584,2.44715881347656,2.36885070800781,2.40800476074219,1.22357940673828,1.18442535400391,1.20400238037109,4.70342464867572,4.40722541177144,4.55412098354449
1073,212.856825066667,2.43511962890625,2.3704833984375,2.40280151367188,1.21755981445313,1.18524169921875,1.20140075683594,4.65726000390439,4.4133027170756,4.53446104307477
1074,212.858491733333,2.43511962890625,2.39968872070313,2.41740417480469,1.21755981445313,1.19984436035156,1.20870208740234,4.65726000390439,4.52272000196757,4.58974351568594
1075,212.8601584,2.43452453613281,2.39968872070313,2.41710662841797,1.21726226806641,1.19984436035156,1.20855331420898,4.65498400637996,4.52272000196757,4.58861372732286
1076,212.861825066667,2.44862365722656,2.35603332519531,2.40232849121094,1.22431182861328,1.17801666259766,1.20116424560547,4.70905717586452,4.35966119053071,4.53267588455575
1077,212.863491733333,2.44862365722656,2.35404968261719,2.40133666992188,1.22431182861328,1.17702484130859,1.20066833496094,4.70905717586452,4.3523231202992,4.52893395131779
1078,212.8651584,2.449951171875,2.34101867675781,2.39548492431641,1.2249755859375,1.17050933837891,1.1977424621582,4.7141645650192,4.30427131138849,4.50688799790677
1079,212.866825066667,2.45875549316406,2.35404968261719,2.40640258789063,1.22937774658203,1.17702484130859,1.20320129394531,4.74810776979278,4.3523231202992,4.54806280479703
1080,212.868491733333,2.45002746582031,2.35147094726563,2.40074920654297,1.22501373291016,1.17573547363281,1.20037460327148,4.71445817724933,4.34279286933743,4.52671830414719
1081,212.8701584,2.45018005371094,2.35812377929688,2.40415191650391,1.22509002685547,1.17906188964844,1.20207595825195,4.7150454291393,4.36740107663089,4.53955931664976
1082,212.871825066667,2.45002746582031,2.35597229003906,2.40299987792969,1.22501373291016,1.17798614501953,1.20149993896484,4.71445817724933,4.35943531159052,4.53520976253623
1083,212.873491733333,2.45018005371094,2.38674926757813,2.41846466064453,1.22509002685547,1.19337463378906,1.20923233032227,4.7150454291393,4.47407723852122,4.59377132839765
1084,212.8751584,2.44432067871094,2.35597229003906,2.400146484375,1.22216033935547,1.17798614501953,1.2000732421875,4.69252121886982,4.35943531159052,4.52444567110576
1085,212.876825066667,2.46122741699219,2.37586975097656,2.41854858398438,1.23061370849609,1.18793487548828,1.20927429199219,4.75765964323237,4.43338183843446,4.59409015159792
1086,212.878491733333,2.44380187988281,2.34153747558594,2.39266967773438,1.22190093994141,1.17076873779297,1.19633483886719,4.69052948662618,4.30617928279458,4.49630095956555
1087,212.8801584,2.45169067382813,2.37586975097656,2.41378021240234,1.22584533691406,1.18793487548828,1.20689010620117,4.72086119614363,4.43338183843446,4.57599274062525
1088,212.881825066667,2.44380187988281,2.37040710449219,2.4071044921875,1.22190093994141,1.18520355224609,1.20355224609375,4.69052948662618,4.41301863758541,4.55071636776286
1089,212.883491733333,2.45169067382813,2.40925598144531,2.43047332763672,1.22584533691406,1.20462799072266,1.21523666381836,4.72086119614363,4.55885493670979,4.63950449919635
1090,212.8851584,2.44978332519531,2.37971496582031,2.41474914550781,1.22489166259766,1.18985748291016,1.20737457275391,4.71351865029712,4.44774382162871,4.57966724316875
1091,212.886825066667,2.44978332519531,2.40925598144531,2.42951965332031,1.22489166259766,1.20462799072266,1.21475982666016,4.71351865029712,4.55885493670979,4.63586429613871
1092,212.888491733333,2.44978332519531,2.52267456054688,2.48622894287109,1.22489166259766,1.26133728027344,1.24311447143555,4.71351865029712,4.99818511351222,4.85480865083848
1093,212.8901584,2.45335388183594,2.52267456054688,2.48801422119141,1.22667694091797,1.26133728027344,1.2440071105957,4.72726856027035,4.99818511351222,4.86178330734949
1094,212.891825066667,2.45335388183594,2.36543273925781,2.40939331054688,1.22667694091797,1.18271636962891,1.20469665527344,4.72726856027035,4.39451638702955,4.55937466670148
1095,212.893491733333,2.45195007324219,2.36399841308594,2.40797424316406,1.22597503662109,1.18199920654297,1.20398712158203,4.72186022381428,4.38918860176877,4.55400555199345
1096,212.8951584,2.45195007324219,2.36399841308594,2.40797424316406,1.22597503662109,1.18199920654297,1.20398712158203,4.72186022381428,4.38918860176877,4.55400555199345
1097,212.896825066667,2.45195007324219,2.35093688964844,2.40144348144531,1.22597503662109,1.17546844482422,1.20072174072266,4.72186022381428,4.34082045437843,4.52933685450032
1098,212.898491733333,2.44744873046875,2.38388061523438,2.41566467285156,1.22372436523438,1.19194030761719,1.20783233642578,4.70453915215069,4.46332884584753,4.58314056910385
1099,212.9001584,2.44744873046875,2.38388061523438,2.41566467285156,1.22372436523438,1.19194030761719,1.20783233642578,4.70453915215069,4.46332884584753,4.58314056910385
1100,212.901825066667,2.45268249511719,2.38388061523438,2.41828155517578,1.22634124755859,1.19194030761719,1.20914077758789,4.72468157836359,4.46332884584753,4.59307575254412
1101,212.903491733333,2.45268249511719,2.35302734375,2.40285491943359,1.22634124755859,1.176513671875,1.2014274597168,4.72468157836359,4.34854360542724,4.53466261531106
1102,212.9051584,2.45268249511719,2.35302734375,2.40285491943359,1.22634124755859,1.176513671875,1.2014274597168,4.72468157836359,4.34854360542724,4.53466261531106
1103,212.906825066667,2.46109008789063,2.35302734375,2.40705871582031,1.23054504394531,1.176513671875,1.20352935791016,4.75712873179206,4.34854360542724,4.55054328571902
1104,212.908491733333,2.46109008789063,2.38325500488281,2.42217254638672,1.23054504394531,1.19162750244141,1.21108627319336,4.75712873179206,4.46098649840507,4.60786807064641
1105,212.9101584,2.46260070800781,2.39720153808594,2.42990112304688,1.23130035400391,1.19860076904297,1.21495056152344,4.76297038696045,4.51334961905922,4.63732020592606
1106,212.911825066667,2.46452331542969,2.42109680175781,2.44281005859375,1.23226165771484,1.21054840087891,1.22140502929688,4.77041040502706,4.60377605119166,4.68672293995394
1107,212.913491733333,2.46452331542969,2.42533874511719,2.44493103027344,1.23226165771484,1.21266937255859,1.22246551513672,4.77041040502706,4.61992250624775,4.69486497455379
1108,212.9151584,2.46452331542969,2.42109680175781,2.44281005859375,1.23226165771484,1.21054840087891,1.22140502929688,4.77041040502706,4.60377605119166,4.68672293995394
1109,212.916825066667,2.46705627441406,2.38137817382813,2.42421722412109,1.23352813720703,1.19068908691406,1.21210861206055,4.78022119741166,4.45396314482563,4.6156508207949
1110,212.918491733333,2.46705627441406,2.35917663574219,2.41311645507813,1.23352813720703,1.17958831787109,1.20655822753906,4.78022119741166,4.37130186668017,4.57347641286153
1111,212.9201584,2.46318054199219,2.35281372070313,2.40799713134766,1.23159027099609,1.17640686035156,1.20399856567383,4.76521359043316,4.34775406341964,4.55409212551958
1112,212.921825066667,2.46318054199219,2.35281372070313,2.40799713134766,1.23159027099609,1.17640686035156,1.20399856567383,4.76521359043316,4.34775406341964,4.55409212551958
1113,212.923491733333,2.46231079101563,2.36343383789063,2.41287231445313,1.23115539550781,1.18171691894531,1.20643615722656,4.76184898326662,4.38709238114991,4.57255104110465
1114,212.9251584,2.46231079101563,2.36343383789063,2.41287231445313,1.23115539550781,1.18171691894531,1.20643615722656,4.76184898326662,4.38709238114991,4.57255104110465
1115,212.926825066667,2.45919799804688,2.36343383789063,2.41131591796875,1.22959899902344,1.18171691894531,1.20565795898438,4.74981696775345,4.38709238114991,4.56665399711481
1116,212.928491733333,2.45919799804688,2.37754821777344,2.41837310791016,1.22959899902344,1.18877410888672,1.20918655395508,4.74981696775345,4.43964810173519,4.59342353388776
1117,212.9301584,2.45928955078125,2.37863159179688,2.41896057128906,1.22964477539063,1.18931579589844,1.20948028564453,4.75017063331933,4.4436950398607,4.59565544413578
1118,212.931825066667,2.46827697753906,2.37863159179688,2.42345428466797,1.23413848876953,1.18931579589844,1.21172714233398,4.7849528889056,4.4436950398607,4.61274604151347
1119,212.933491733333,2.47824096679688,2.37327575683594,2.42575836181641,1.23912048339844,1.18663787841797,1.2128791809082,4.82366284875938,4.4237063176959,4.62152126381385
1120,212.9351584,2.47013854980469,2.37327575683594,2.42170715332031,1.23506927490234,1.18663787841797,1.21085357666016,4.79217322495301,4.4237063176959,4.60609754126246
1121,212.936825066667,2.47918701171875,2.38111877441406,2.43015289306641,1.23959350585938,1.19055938720703,1.2150764465332,4.82734632653387,4.45299287263847,4.63828123160235
1122,212.938491733333,2.48182678222656,2.42152404785156,2.45167541503906,1.24091339111328,1.21076202392578,1.22583770751953,4.83763185211015,4.60540103279866,4.72080243310162
1123,212.9401584,2.48182678222656,2.446044921875,2.46393585205078,1.24091339111328,1.2230224609375,1.23196792602539,4.83763185211015,4.69914383712845,4.76813645014771
1124,212.941825066667,2.48210144042969,2.42152404785156,2.45181274414063,1.24105072021484,1.21076202392578,1.22590637207031,4.83870265109037,4.60540103279866,4.72133131364591
1125,212.943491733333,2.47508239746094,2.47164916992188,2.47336578369141,1.23754119873047,1.23582458496094,1.2366828918457,4.81137496832555,4.79803635100431,4.80470334528281
1126,212.9451584,2.47824096679688,2.39138793945313,2.434814453125,1.23912048339844,1.19569396972656,1.2174072265625,4.82366284875938,4.49148496888021,4.65609275619813
1127,212.946825066667,2.47824096679688,2.35592651367188,2.41708374023438,1.23912048339844,1.17796325683594,1.20854187011719,4.82366284875938,4.35926590622553,4.58852682628594
1128,212.948491733333,2.47824096679688,2.33938598632813,2.4088134765625,1.23912048339844,1.16969299316406,1.20440673828125,4.82366284875938,4.29826957202052,4.55718045269795
1129,212.9501584,2.46525573730469,2.33161926269531,2.3984375,1.23262786865234,1.16580963134766,1.19921875,4.77324622491034,4.26977657790438,4.51800485241981
1130,212.951825066667,2.46525573730469,2.30062866210938,2.38294219970703,1.23262786865234,1.15031433105469,1.19147109985352,4.77324622491034,4.15702784507852,4.45981555523058
1131,212.953491733333,2.46525573730469,2.30056762695313,2.38291168212891,1.23262786865234,1.15028381347656,1.19145584106445,4.77324622491034,4.15680727799388,4.45970132510101
1132,212.9551584,2.46229553222656,2.30062866210938,2.38146209716797,1.23114776611328,1.15031433105469,1.19073104858398,4.76178996567687,4.15702784507852,4.4542770790451
1133,212.956825066667,2.46060180664063,2.30227661132813,2.38143920898438,1.23030090332031,1.15113830566406,1.19071960449219,4.75524128658953,4.16298536829613,4.45419145952442
1134,212.958491733333,2.46060180664063,2.30227661132813,2.38143920898438,1.23030090332031,1.15113830566406,1.19071960449219,4.75524128658953,4.16298536829613,4.45419145952442
1135,212.9601584,2.47123718261719,2.30105590820313,2.38614654541016,1.23561859130859,1.15052795410156,1.19307327270508,4.79643696113759,4.15857197851788,4.47181785997475
1136,212.961825066667,2.47280883789063,2.29931640625,2.38606262207031,1.23640441894531,1.149658203125,1.19303131103516,4.80253976876117,4.15228694232089,4.47150330822098
1137,212.963491733333,2.48204040527344,2.29035949707031,2.38619995117188,1.24102020263672,1.14517974853516,1.19309997558594,4.83846468552101,4.11999976556753,4.47201803503285
1138,212.9651584,2.48638916015625,2.28779602050781,2.38709259033203,1.24319458007813,1.14389801025391,1.19354629516602,4.85543437706249,4.11078233714464,4.4753644813972
1139,212.966825066667,2.48638916015625,2.28779602050781,2.38709259033203,1.24319458007813,1.14389801025391,1.19354629516602,4.85543437706249,4.11078233714464,4.4753644813972
1140,212.968491733333,2.48727416992188,2.28810119628906,2.38768768310547,1.24363708496094,1.14405059814453,1.19384384155273,4.85889149605966,4.11187910877243,4.47759614098335
1141,212.9701584,2.48822021484375,2.29158020019531,2.38990020751953,1.24411010742188,1.14579010009766,1.19495010375977,4.86258839757044,4.12439264523431,4.48589821571237
1142,212.971825066667,2.48822021484375,2.29158020019531,2.38990020751953,1.24411010742188,1.14579010009766,1.19495010375977,4.86258839757044,4.12439264523431,4.48589821571237
1143,212.973491733333,2.48736572265625,2.29502868652344,2.39119720458984,1.24368286132813,1.14751434326172,1.19559860229492,4.85924919927943,4.13681517648832,4.49076852418027
1144,212.9751584,2.47503662109375,2.29502868652344,2.38503265380859,1.23751831054688,1.14751434326172,1.1925163269043,4.81119699830667,4.13681517648832,4.46764380139989
1145,212.976825066667,2.46389770507813,2.26957702636719,2.36673736572266,1.23194885253906,1.13478851318359,1.18336868286133,4.7679888094836,4.04557013636043,4.39936521094539
1146,212.978491733333,2.46063232421875,2.26957702636719,2.36510467529297,1.23031616210938,1.13478851318359,1.18255233764648,4.75535924094281,4.04557013636043,4.39329751280712
1147,212.9801584,2.46063232421875,2.27897644042969,2.36980438232422,1.23031616210938,1.13948822021484,1.18490219116211,4.75535924094281,4.07914884320835,4.41077473104341
1148,212.981825066667,2.47383117675781,2.28497314453125,2.37940216064453,1.23691558837891,1.14248657226563,1.18970108032227,4.80651163907408,4.10064413473352,4.44657461786382
1149,212.983491733333,2.48570251464844,2.28497314453125,2.38533782958984,1.24285125732422,1.14248657226563,1.19266891479492,4.85275297714285,4.10064413473352,4.46878718525499
1150,212.9851584,2.48878479003906,2.28497314453125,2.38687896728516,1.24439239501953,1.14248657226563,1.19343948364258,4.86479528282179,4.10064413473352,4.47456350851346
1151,212.986825066667,2.49034118652344,2.27619934082031,2.38327026367188,1.24517059326172,1.13809967041016,1.19163513183594,4.87088172130638,4.06921341751799,4.4610436215159
1152,212.988491733333,2.48878479003906,2.30024719238281,2.39451599121094,1.24439239501953,1.15012359619141,1.19725799560547,4.86479528282179,4.15564939680348,4.50324281544171
1153,212.9901584,2.48191833496094,2.28276062011719,2.38233947753906,1.24095916748047,1.14138031005859,1.19116973876953,4.8379887719373,4.09270672616574,4.45755978103996
1154,212.991825066667,2.48191833496094,2.28276062011719,2.38233947753906,1.24095916748047,1.14138031005859,1.19116973876953,4.8379887719373,4.09270672616574,4.45755978103996
1155,212.993491733333,2.477783203125,2.28276062011719,2.38027191162109,1.2388916015625,1.14138031005859,1.19013595581055,4.82188102551072,4.09270672616574,4.44982595512364
1156,212.9951584,2.49098205566406,2.28472900390625,2.38785552978516,1.24549102783203,1.14236450195313,1.19392776489258,4.87338900782493,4.09976790532077,4.47822568400634
1157,212.996825066667,2.48739624023438,2.28933715820313,2.38836669921875,1.24369812011719,1.14466857910156,1.19418334960938,4.85936843661186,4.11632252988161,4.48014320127292
1158,212.998491733333,2.48739624023438,2.28472900390625,2.38606262207031,1.24369812011719,1.14236450195313,1.19303131103516,4.85936843661186,4.09976790532077,4.47150330822098
1159,213.0001584,2.48385620117188,2.29429626464844,2.38907623291016,1.24192810058594,1.14714813232422,1.19453811645508,4.84554666371383,4.13417520037414,4.48280550997448
1160,213.001825066667,2.4835205078125,2.27630615234375,2.37991333007813,1.24176025390625,1.13815307617188,1.18995666503906,4.84423700020108,4.06959532526598,4.44848534755624
1161,213.003491733333,2.48385620117188,2.29518127441406,2.38951873779297,1.24192810058594,1.14759063720703,1.19475936889648,4.84554666371383,4.13736527757366,4.48446627492343
1162,213.0051584,2.51182556152344,2.29518127441406,2.40350341796875,1.25591278076172,1.14759063720703,1.20175170898438,4.95528722588873,4.13736527757366,4.53711063568094
1163,213.006825066667,2.51182556152344,2.29524230957031,2.40353393554688,1.25591278076172,1.14762115478516,1.20176696777344,4.95528722588873,4.13758532824823,4.53722585291449
1164,213.008491733333,2.48855590820313,2.29524230957031,2.39189910888672,1.24427795410156,1.14762115478516,1.19594955444336,4.86390053926641,4.13758532824823,4.49340532247064
1165,213.0101584,2.4774169921875,2.29335021972656,2.38538360595703,1.23870849609375,1.14667510986328,1.19269180297852,4.82045580390452,4.13076647836433,4.46895870545092
1166,213.011825066667,2.4774169921875,2.29335021972656,2.38538360595703,1.23870849609375,1.14667510986328,1.19269180297852,4.82045580390452,4.13076647836433,4.46895870545092
1167,213.013491733333,2.48519897460938,2.29351806640625,2.38935852050781,1.24259948730469,1.14675903320313,1.19467926025391,4.85078708789567,4.13137114903701,4.48386492795492
1168,213.0151584,2.49075317382813,2.29351806640625,2.39213562011719,1.24537658691406,1.14675903320313,1.19606781005859,4.87249347429379,4.13137114903701,4.49429398316693
1169,213.016825066667,2.49075317382813,2.28628540039063,2.38851928710938,1.24537658691406,1.14314270019531,1.19425964355469,4.87249347429379,4.10535547191677,4.48071567403299
1170,213.018491733333,2.50389099121094,2.2855224609375,2.39470672607422,1.25194549560547,1.14276123046875,1.19735336303711,4.92403029876939,4.10261599323506,4.50396025446878
1171,213.0201584,2.4898681640625,2.2855224609375,2.3876953125,1.24493408203125,1.14276123046875,1.19384765625,4.86903151888945,4.10261599323506,4.47762475561526
1172,213.021825066667,2.50125122070313,2.28578186035156,2.39351654052734,1.25062561035156,1.14289093017578,1.19675827026367,4.91365328302789,4.10354731339971,4.49948436919591
1173,213.023491733333,2.496337890625,2.29244995117188,2.39439392089844,1.2481689453125,1.14622497558594,1.19719696044922,4.89436798435779,4.12752399998781,4.50278368445421
1174,213.0251584,2.496337890625,2.30189514160156,2.39911651611328,1.2481689453125,1.15094757080078,1.19955825805664,4.89436798435779,4.16160593255138,4.52056337842126
1175,213.026825066667,2.49247741699219,2.30189514160156,2.39718627929688,1.24623870849609,1.15094757080078,1.19859313964844,4.87924185193938,4.16160593255138,4.51329216203734
1176,213.028491733333,2.47940063476563,2.2813720703125,2.38038635253906,1.23970031738281,1.14068603515625,1.19019317626953,4.82817827414783,4.08772924523368,4.45025385111866
1177,213.0301584,2.49247741699219,2.2813720703125,2.38692474365234,1.24623870849609,1.14068603515625,1.19346237182617,4.87924185193938,4.08772924523368,4.47473513952544
1178,213.031825066667,2.49366760253906,2.27827453613281,2.38597106933594,1.24683380126953,1.13913726806641,1.19298553466797,4.88390274843871,4.0766365476583,4.4711601734709
1179,213.033491733333,2.49589538574219,2.28431701660156,2.39010620117188,1.24794769287109,1.14215850830078,1.19505310058594,4.89263297101324,4.09828948049272,4.48667155878236
1180,213.0351584,2.49589538574219,2.27761840820313,2.38675689697266,1.24794769287109,1.13880920410156,1.19337844848633,4.89263297101324,4.07428879729365,4.47410584190695
1181,213.036825066667,2.49589538574219,2.28561401367188,2.39075469970703,1.24794769287109,1.14280700683594,1.19537734985352,4.89263297101324,4.10294468240057,4.48910659255414
1182,213.038491733333,2.4786376953125,2.29425048828125,2.38644409179688,1.23931884765625,1.14712524414063,1.19322204589844,4.82520736182598,4.13401022984532,4.47293317806651
1183,213.0401584,2.4786376953125,2.29425048828125,2.38644409179688,1.23931884765625,1.14712524414063,1.19322204589844,4.82520736182598,4.13401022984532,4.47293317806651
1184,213.041825066667,2.48445129394531,2.29855346679688,2.39150238037109,1.24222564697266,1.14927673339844,1.19575119018555,4.84786877497622,4.14953184698869,4.49191486312989
1185,213.043491733333,2.50630187988281,2.29103088378906,2.39866638183594,1.25315093994141,1.14551544189453,1.19933319091797,4.93351713672285,4.12241555972648,4.51886719599702
1186,213.0451584,2.50630187988281,2.29103088378906,2.39866638183594,1.25315093994141,1.14551544189453,1.19933319091797,4.93351713672285,4.12241555972648,4.51886719599702
1187,213.046825066667,2.50144958496094,2.27938842773438,2.39041900634766,1.25072479248047,1.13969421386719,1.19520950317383,4.91443267841855,4.08062381189243,4.48784602201204
1188,213.048491733333,2.49708557128906,2.27938842773438,2.38823699951172,1.24854278564453,1.13969421386719,1.19411849975586,4.89730025753874,4.08062381189243,4.47965662818234
1189,213.0501584,2.49708557128906,2.28837585449219,2.39273071289063,1.24854278564453,1.14418792724609,1.19636535644531,4.89730025753874,4.11286632831695,4.49653035682373
1190,213.051825066667,2.49029541015625,2.28981018066406,2.39005279541016,1.24514770507813,1.14490509033203,1.19502639770508,4.87070265409894,4.11802373336071,4.48647105603061
1191,213.053491733333,2.49029541015625,2.29254150390625,2.39141845703125,1.24514770507813,1.14627075195313,1.19570922851563,4.87070265409894,4.12785368540053,4.49159960533528
1192,213.0551584,2.49234008789063,2.29254150390625,2.39244079589844,1.24617004394531,1.14627075195313,1.19622039794922,4.87870419937256,4.12785368540053,4.49544077196386
1193,213.056825066667,2.49893188476563,2.29725646972656,2.39809417724609,1.24946594238281,1.14862823486328,1.19904708862305,4.9045449385545,4.14485028329705,4.51671149134613
1194,213.058491733333,2.50688171386719,2.29814147949219,2.40251159667969,1.25344085693359,1.14907073974609,1.20125579833984,4.93580014327066,4.14804447568513,4.53336687196672
1195,213.0601584,2.50688171386719,2.29904174804688,2.40296173095703,1.25344085693359,1.14952087402344,1.20148086547852,4.93580014327066,4.1512950026712,4.53506577322421
1196,213.061825066667,2.48509216308594,2.30364990234375,2.39437103271484,1.24254608154297,1.15182495117188,1.19718551635742,4.8503701322878,4.1679532296275,4.50269759999987
1197,213.063491733333,2.48509216308594,2.31521606445313,2.40015411376953,1.24254608154297,1.15760803222656,1.20007705688477,4.8503701322878,4.20991120427127,4.52447443504675
1198,213.0651584,2.50271606445313,2.30364990234375,2.40318298339844,1.25135803222656,1.15182495117188,1.20159149169922,4.91941027528687,4.1679532296275,4.53590094305239
1199,213.066825066667,2.50271606445313,2.30281066894531,2.40276336669922,1.25135803222656,1.15140533447266,1.20138168334961,4.91941027528687,4.16491696235478,4.53431706564896
1200,213.068491733333,2.50318908691406,2.29156494140625,2.39737701416016,1.25159454345703,1.14578247070313,1.19868850708008,4.92127002397573,4.12433771979216,4.51401040109773
1201,213.0701584,2.50434875488281,2.29156494140625,2.39795684814453,1.25217437744141,1.14578247070313,1.19897842407227,4.92583089491431,4.12433771979216,4.51619419875881
1202,213.071825066667,2.50434875488281,2.29583740234375,2.40009307861328,1.25217437744141,1.14791870117188,1.20004653930664,4.92583089491431,4.13973112898944,4.52424432607893
1203,213.073491733333,2.49819946289063,2.30197143554688,2.40008544921875,1.24909973144531,1.15098571777344,1.20004272460938,4.90167037474881,4.16188180141386,4.5242155628694
1204,213.0751584,2.498046875,2.30197143554688,2.40000915527344,1.2490234375,1.15098571777344,1.20000457763672,4.90107161335085,4.16188180141386,4.52392793580286
1205,213.076825066667,2.498046875,2.29551696777344,2.39678192138672,1.2490234375,1.14775848388672,1.19839096069336,4.90107161335085,4.13857562869822,4.51176968422002
1206,213.078491733333,2.498046875,2.29551696777344,2.39678192138672,1.2490234375,1.14775848388672,1.19839096069336,4.90107161335085,4.13857562869822,4.51176968422002
1207,213.0801584,2.49093627929688,2.28948974609375,2.39021301269531,1.24546813964844,1.14474487304688,1.19510650634766,4.87320989453557,4.11687126679585,4.48707257772641
1208,213.081825066667,2.49093627929688,2.3048095703125,2.39787292480469,1.24546813964844,1.15240478515625,1.19893646240234,4.87320989453557,4.17215061955135,4.51587809009448
1209,213.083491733333,2.4949951171875,2.3114013671875,2.4031982421875,1.24749755859375,1.15570068359375,1.20159912109375,4.8891040657116,4.19604959830832,4.53595854380597
1210,213.0851584,2.50209045410156,2.32127380371094,2.41168212890625,1.25104522705078,1.16063690185547,1.20584106445313,4.9169511474829,4.23197040499981,4.5680411945543
1211,213.086825066667,2.50209045410156,2.32127380371094,2.41168212890625,1.25104522705078,1.16063690185547,1.20584106445313,4.9169511474829,4.23197040499981,4.5680411945543
1212,213.088491733333,2.50209045410156,2.32469177246094,2.41339111328125,1.25104522705078,1.16234588623047,1.20669555664063,4.9169511474829,4.24444234338611,4.57451756800125
1213,213.0901584,2.49708557128906,2.31076049804688,2.40392303466797,1.24854278564453,1.15538024902344,1.20196151733398,4.89730025753874,4.19372309115996,4.53869500087611
1214,213.091825066667,2.49708557128906,2.30807495117188,2.40258026123047,1.24854278564453,1.15403747558594,1.20129013061523,4.89730025753874,4.18398093450288,4.53362600582355
1215,213.093491733333,2.49708557128906,2.30003356933594,2.3985595703125,1.24854278564453,1.15001678466797,1.19927978515625,4.89730025753874,4.15487756561361,4.51846475875389
1216,213.0951584,2.51179504394531,2.302001953125,2.40689849853516,1.25589752197266,1.1510009765625,1.20344924926758,4.95516681749038,4.16199215151896,4.54993752448663
1217,213.096825066667,2.5084228515625,2.30003356933594,2.40422821044922,1.25421142578125,1.15001678466797,1.20211410522461,4.94187070159664,4.15487756561361,4.53984744019412
1218,213.098491733333,2.51179504394531,2.29927062988281,2.40553283691406,1.25589752197266,1.14963531494141,1.20276641845703,4.95516681749038,4.15212161081703,4.54477576776446
1219,213.1001584,2.52558898925781,2.29927062988281,2.41242980957031,1.26279449462891,1.14963531494141,1.20621490478516,5.00974052293283,4.15212161081703,4.57087404343382
1220,213.101825066667,2.52558898925781,2.30149841308594,2.41354370117188,1.26279449462891,1.15074920654297,1.20677185058594,5.00974052293283,4.16017156185552,4.57509603872545
1221,213.103491733333,2.52790832519531,2.31129455566406,2.41960144042969,1.26395416259766,1.15564727783203,1.20980072021484,5.01894598468584,4.19566180231506,4.59809087358119
1222,213.1051584,2.51034545898438,2.30149841308594,2.40592193603516,1.25517272949219,1.15074920654297,1.20296096801758,4.9494491036675,4.16017156185552,4.54624613744554
1223,213.106825066667,2.50456237792969,2.29019165039063,2.39737701416016,1.25228118896484,1.14509582519531,1.19868850708008,4.92667128575996,4.11939592766097,4.51401040109773
1224,213.108491733333,2.50456237792969,2.29019165039063,2.39737701416016,1.25228118896484,1.14509582519531,1.19868850708008,4.92667128575996,4.11939592766097,4.51401040109773
1225,213.1101584,2.50508117675781,2.29136657714844,2.39822387695313,1.25254058837891,1.14568328857422,1.19911193847656,4.92871253339183,4.12362372232559,4.5172000726575
1226,213.111825066667,2.52542114257813,2.29136657714844,2.40839385986328,1.26271057128906,1.14568328857422,1.20419692993164,5.00907466607722,4.12362372232559,4.55559286405422
1227,213.113491733333,2.52542114257813,2.29136657714844,2.40839385986328,1.26271057128906,1.14568328857422,1.20419692993164,5.00907466607722,4.12362372232559,4.55559286405422
1228,213.1151584,2.52078247070313,2.29347229003906,2.40712738037109,1.26039123535156,1.14673614501953,1.20356369018555,4.99069031501521,4.13120623446479,4.55080291001912
1229,213.116825066667,2.52078247070313,2.29551696777344,2.40814971923828,1.26039123535156,1.14775848388672,1.20407485961914,4.99069031501521,4.13857562869822,4.55466930338993
1230,213.118491733333,2.52078247070313,2.29551696777344,2.40814971923828,1.26039123535156,1.14775848388672,1.20407485961914,4.99069031501521,4.13857562869822,4.55466930338993
1231,213.1201584,2.52151489257813,2.29342651367188,2.407470703125,1.26075744628906,1.14671325683594,1.2037353515625,4.99359086024599,4.13104132318415,4.55210114261001
1232,213.121825066667,2.52151489257813,2.29342651367188,2.407470703125,1.26075744628906,1.14671325683594,1.2037353515625,4.99359086024599,4.13104132318415,4.55210114261001
1233,213.123491733333,2.52151489257813,2.29478454589844,2.40814971923828,1.26075744628906,1.14739227294922,1.20407485961914,4.99359086024599,4.1359350908235,4.55466930338993
1234,213.1251584,2.52104187011719,2.29478454589844,2.40791320800781,1.26052093505859,1.14739227294922,1.20395660400391,4.99171749508138,4.1359350908235,4.55377469328011
1235,213.126825066667,2.52104187011719,2.28028869628906,2.40066528320313,1.26052093505859,1.14014434814453,1.20033264160156,4.99171749508138,4.08384781946529,4.52640182737609
1236,213.128491733333,2.52104187011719,2.28028869628906,2.40066528320313,1.26052093505859,1.14014434814453,1.20033264160156,4.99171749508138,4.08384781946529,4.52640182737609
1237,213.1301584,2.5159912109375,2.30502319335938,2.41050720214844,1.25799560546875,1.15251159667969,1.20525360107422,4.97173670083539,4.17292405336798,4.56359134904037
1238,213.131825066667,2.5159912109375,2.30502319335938,2.41050720214844,1.25799560546875,1.15251159667969,1.20525360107422,4.97173670083539,4.17292405336798,4.56359134904037
1239,213.133491733333,2.52127075195313,2.30783081054688,2.41455078125,1.26063537597656,1.15391540527344,1.207275390625,4.99262391820897,4.18309584565824,4.57891486275479
1240,213.1351584,2.52793884277344,2.30783081054688,2.41788482666016,1.26396942138672,1.15391540527344,1.20894241333008,5.01906716550493,4.18309584565824,4.59156885219853
1241,213.136825066667,2.52127075195313,2.31378173828125,2.41752624511719,1.26063537597656,1.15689086914063,1.20876312255859,4.99262391820897,4.20469655890036,4.59020705883437
1242,213.138491733333,2.50581359863281,2.31378173828125,2.40979766845703,1.25290679931641,1.15689086914063,1.20489883422852,4.93159501451017,4.20469655890036,4.56090515481817
1243,213.1401584,2.50581359863281,2.30645751953125,2.40613555908203,1.25290679931641,1.15322875976563,1.20306777954102,4.93159501451017,4.17811896543691,4.54705350035545
1244,213.141825066667,2.53121948242188,2.29888916015625,2.41505432128906,1.26560974121094,1.14944458007813,1.20752716064453,5.03210263511314,4.15074397629016,4.58082487218864
1245,213.143491733333,2.53121948242188,2.30645751953125,2.41883850097656,1.26560974121094,1.15322875976563,1.20941925048828,5.03210263511314,4.17811896543691,4.59519162595874
1246,213.1451584,2.50787353515625,2.30815124511719,2.40801239013672,1.25393676757813,1.15407562255859,1.20400619506836,4.93970651032939,4.18425754396764,4.55414984166083
1247,213.146825066667,2.50787353515625,2.31776428222656,2.41281890869141,1.25393676757813,1.15888214111328,1.2064094543457,4.93970651032939,4.21918349157354,4.57234862851335
1248,213.148491733333,2.51437377929688,2.31428527832031,2.41432952880859,1.25718688964844,1.15714263916016,1.2071647644043,4.96534648814309,4.2065268641685,4.57807574213348
1249,213.1501584,2.52766418457031,2.31428527832031,2.42097473144531,1.26383209228516,1.15714263916016,1.21048736572266,5.01797659079812,4.2065268641685,4.60331182339756
1250,213.151825066667,2.52851867675781,2.30471801757813,2.41661834716797,1.26425933837891,1.15235900878906,1.20830917358398,5.0213698790222,4.17181916985943,4.58676001701124
1251,213.153491733333,2.52851867675781,2.29682922363281,2.41267395019531,1.26425933837891,1.14841461181641,1.20633697509766,5.0213698790222,4.14330869972391,4.5717992454922
1252,213.1551584,2.52671813964844,2.29682922363281,2.41177368164063,1.26335906982422,1.14841461181641,1.20588684082031,5.01422107381719,4.14330869972391,4.56838802682983
1253,213.156825066667,2.5172119140625,2.32156372070313,2.41938781738281,1.25860595703125,1.16078186035156,1.20969390869141,4.97656222389493,4.23302758037255,4.59727899208306
1254,213.158491733333,2.5172119140625,2.32438659667969,2.42079925537109,1.25860595703125,1.16219329833984,1.21039962768555,4.97656222389493,4.24332803137054,4.60264453695097
1255,213.1601584,2.53446960449219,2.32698059082031,2.43072509765625,1.26723480224609,1.16349029541016,1.21536254882813,5.04503351522191,4.25280434655425,4.64046575116779
1256,213.161825066667,2.53446960449219,2.32698059082031,2.43072509765625,1.26723480224609,1.16349029541016,1.21536254882813,5.04503351522191,4.25280434655425,4.64046575116779
1257,213.163491733333,2.51832580566406,2.32698059082031,2.42265319824219,1.25916290283203,1.16349029541016,1.21132659912109,4.98096755610327,4.25280434655425,4.60969700730896
1258,213.1651584,2.51832580566406,2.32307434082031,2.42070007324219,1.25916290283203,1.16153717041016,1.21035003662109,4.98096755610327,4.23853815669875,4.60226739644156
1259,213.166825066667,2.53373718261719,2.32609558105469,2.42991638183594,1.26686859130859,1.16304779052734,1.21495819091797,5.04211806578174,4.24957006289621,4.63737844707203
1260,213.168491733333,2.53373718261719,2.32609558105469,2.42991638183594,1.26686859130859,1.16304779052734,1.21495819091797,5.04211806578174,4.24957006289621,4.63737844707203
1261,213.1701584,2.50308227539063,2.32609558105469,2.41458892822266,1.25154113769531,1.16304779052734,1.20729446411133,4.92085005000212,4.24957006289621,4.57905954649574
1262,213.171825066667,2.50308227539063,2.32768249511719,2.41538238525391,1.25154113769531,1.16384124755859,1.20769119262695,4.92085005000212,4.25537034290115,4.58206948654611
1263,213.173491733333,2.505615234375,2.32098388671875,2.41329956054688,1.2528076171875,1.16049194335938,1.20664978027344,4.93081425933715,4.23091336165543,4.57417050312174
1264,213.1751584,2.51998901367188,2.32122802734375,2.42060852050781,1.25999450683594,1.16061401367188,1.21030426025391,4.98754900857862,4.23180349464161,4.60191928045542
1265,213.176825066667,2.52162170410156,2.32122802734375,2.42142486572266,1.26081085205078,1.16061401367188,1.21071243286133,4.99401392682841,4.23180349464161,4.60502377937026
1266,213.178491733333,2.52774047851563,2.32669067382813,2.42721557617188,1.26387023925781,1.16334533691406,1.21360778808594,5.01827951633047,4.25174470433589,4.62707546083702
1267,213.1801584,2.52774047851563,2.32826232910156,2.42800140380859,1.26387023925781,1.16413116455078,1.2140007019043,5.01827951633047,4.25749066271813,4.63007204046802
1268,213.181825066667,2.5009765625,2.32826232910156,2.41461944580078,1.25048828125,1.16413116455078,1.20730972290039,4.91257422221782,4.25749066271813,4.57917529513428
1269,213.183491733333,2.5009765625,2.32826232910156,2.41461944580078,1.25048828125,1.16413116455078,1.20730972290039,4.91257422221782,4.25749066271813,4.57917529513428
1270,213.1851584,2.51101684570313,2.31880187988281,2.41490936279297,1.25550842285156,1.15940093994141,1.20745468139648,4.95209689761589,4.22296195588746,4.58027498016343
1271,213.186825066667,2.52574157714844,2.31880187988281,2.42227172851563,1.26287078857422,1.15940093994141,1.21113586425781,5.01034588574863,4.22296195588746,4.60824544055966
1272,213.188491733333,2.5186767578125,2.31996154785156,2.41931915283203,1.25933837890625,1.15998077392578,1.20965957641602,4.98235594124937,4.22718694668672,4.59701804539645
1273,213.1901584,2.5186767578125,2.32525634765625,2.42196655273438,1.25933837890625,1.16262817382813,1.21098327636719,4.98235594124937,4.24650420627669,4.60708435173851
1274,213.191825066667,2.51536560058594,2.32489013671875,2.42012786865234,1.25768280029297,1.16244506835938,1.21006393432617,4.96926452745944,4.24516672464521,4.60009188753717
1275,213.193491733333,2.51303100585938,2.32489013671875,2.41896057128906,1.25651550292969,1.16244506835938,1.20948028564453,4.96004452777516,4.24516672464521,4.59565544413578
1276,213.1951584,2.51303100585938,2.31338500976563,2.4132080078125,1.25651550292969,1.15669250488281,1.20660400390625,4.96004452777516,4.2032547807188,4.5738234514085
1277,213.196825066667,2.518310546875,2.31338500976563,2.41584777832031,1.2591552734375,1.15669250488281,1.20792388916016,4.98090719592046,4.2032547807188,4.58383539228603
1278,213.198491733333,2.52638244628906,2.31338500976563,2.41988372802734,1.26319122314453,1.15669250488281,1.20994186401367,5.01288880895158,4.2032547807188,4.59916382693686
1279,213.2001584,2.52638244628906,2.31561279296875,2.42099761962891,1.26319122314453,1.15780639648438,1.21049880981445,5.01288880895158,4.21135412352894,4.60339886432602
1280,213.201825066667,2.52638244628906,2.32382202148438,2.42510223388672,1.26319122314453,1.16191101074219,1.21255111694336,5.01288880895158,4.24126693980352,4.61902151022622
1281,213.203491733333,2.53236389160156,2.32907104492188,2.43071746826172,1.26618194580078,1.16453552246094,1.21535873413086,5.03665386926174,4.26044883284064,4.64043662085725
1282,213.2051584,2.53236389160156,2.32907104492188,2.43071746826172,1.26618194580078,1.16453552246094,1.21535873413086,5.03665386926174,4.26044883284064,4.64043662085725
1283,213.206825066667,2.52095031738281,2.32476806640625,2.42285919189453,1.26047515869141,1.16238403320313,1.21142959594727,4.99135494887131,4.24472094424809,4.61048094839754
1284,213.208491733333,2.51499938964844,2.32406616210938,2.41953277587891,1.25749969482422,1.16203308105469,1.20976638793945,4.96781768684987,4.24215816120075,4.59782990385361
1285,213.2101584,2.5074462890625,2.32112121582031,2.41428375244141,1.25372314453125,1.16056060791016,1.2071418762207,4.93802357814851,4.23141404993968,4.57790214057085
1286,213.211825066667,2.50267028808594,2.32112121582031,2.41189575195313,1.25133514404297,1.16056060791016,1.20594787597656,4.91923031825951,4.23141404993968,4.56885049034472
1287,213.213491733333,2.50267028808594,2.32112121582031,2.41189575195313,1.25133514404297,1.16056060791016,1.20594787597656,4.91923031825951,4.23141404993968,4.56885049034472
1288,213.2151584,2.51226806640625,2.31938171386719,2.41582489013672,1.25613403320313,1.15969085693359,1.20791244506836,4.95703331206023,4.22507418723038,4.58374853650814
1289,213.216825066667,2.52438354492188,2.31938171386719,2.42188262939453,1.26219177246094,1.15969085693359,1.21094131469727,5.00495944241021,4.22507418723038,4.60676507795947
1290,213.218491733333,2.52613830566406,2.32061767578125,2.42337799072266,1.26306915283203,1.16030883789063,1.21168899536133,5.0119200002311,4.22957833772632,4.61245561387314
1291,213.2201584,2.52613830566406,2.32061767578125,2.42337799072266,1.26306915283203,1.16030883789063,1.21168899536133,5.0119200002311,4.22957833772632,4.61245561387314
1292,213.221825066667,2.51344299316406,2.31730651855469,2.41537475585938,1.25672149658203,1.15865325927734,1.20768737792969,4.96167096443706,4.21751705964568,4.58204054010609
1293,213.223491733333,2.51344299316406,2.31730651855469,2.41537475585938,1.25672149658203,1.15865325927734,1.20768737792969,4.96167096443706,4.21751705964568,4.58204054010609
1294,213.2251584,2.51344299316406,2.32283020019531,2.41813659667969,1.25672149658203,1.16141510009766,1.20906829833984,4.96167096443706,4.23764731566021,4.59252512567688
1295,213.226825066667,2.5166015625,2.32408142089844,2.42034149169922,1.25830078125,1.16204071044922,1.21017074584961,4.97414916978154,4.24221386564678,4.60090401736563
1296,213.228491733333,2.51828002929688,2.32283020019531,2.42055511474609,1.25914001464844,1.16141510009766,1.21027755737305,4.98078647665202,4.23764731566021,4.60171621887709
1297,213.2301584,2.51828002929688,2.32510375976563,2.42169189453125,1.25914001464844,1.16255187988281,1.21084594726563,4.98078647665202,4.24594689666251,4.60603949687897
1298,213.231825066667,2.51828002929688,2.31660461425781,2.41744232177734,1.25914001464844,1.15830230712891,1.20872116088867,4.98078647665202,4.21496250331815,4.58988837040544
1299,213.233491733333,2.51118469238281,2.31846618652344,2.41482543945313,1.25559234619141,1.15923309326172,1.20741271972656,4.95275895673617,4.22173932649147,4.57995663670886
1300,213.2351584,2.50932312011719,2.31205749511719,2.41069030761719,1.25466156005859,1.15602874755859,1.20534515380859,4.94541859557495,4.19843216685472,4.56428468882361
1301,213.236825066667,2.50274658203125,2.31846618652344,2.41060638427734,1.25137329101563,1.15923309326172,1.20530319213867,4.91953024846709,4.22173932649147,4.56396690155221
1302,213.238491733333,2.50274658203125,2.31744384765625,2.41009521484375,1.25137329101563,1.15872192382813,1.20504760742188,4.91953024846709,4.2180169546626,4.56203152708467
1303,213.2401584,2.50570678710938,2.31744384765625,2.41157531738281,1.25285339355469,1.15872192382813,1.20578765869141,4.93117460019823,4.2180169546626,4.56763657354021
1304,213.241825066667,2.51783752441406,2.31744384765625,2.41764068603516,1.25891876220703,1.15872192382813,1.20882034301758,4.97903621165503,4.2180169546626,4.59064165179406
1305,213.243491733333,2.51783752441406,2.32600402832031,2.42192077636719,1.25891876220703,1.16300201416016,1.21096038818359,4.97903621165503,4.2492355520482,4.606910201033
1306,213.2451584,2.51661682128906,2.32864379882813,2.42263031005859,1.25830841064453,1.16432189941406,1.2113151550293,4.97420948900265,4.25888589797813,4.60960990685802
1307,213.246825066667,2.51661682128906,2.33720397949219,2.42691040039063,1.25830841064453,1.16860198974609,1.21345520019531,4.97420948900265,4.29025509327103,4.62591200208858
1308,213.248491733333,2.51802062988281,2.32864379882813,2.42333221435547,1.25901031494141,1.16432189941406,1.21166610717773,4.97976042193558,4.25888589797813,4.61228136167769
1309,213.2501584,2.52476501464844,2.33442687988281,2.42959594726563,1.26238250732422,1.16721343994141,1.21479797363281,5.00647219570817,4.2800656640404,4.63615545980971
1310,213.251825066667,2.51802062988281,2.32754516601563,2.42278289794922,1.25901031494141,1.16377258300781,1.21139144897461,4.97976042193558,4.25486823924366,4.61019059207446
1311,213.253491733333,2.52250671386719,2.32754516601563,2.42502593994141,1.26125335693359,1.16377258300781,1.2125129699707,4.99752002505433,4.25486823924366,4.61873088509194
1312,213.2551584,2.50880432128906,2.32655334472656,2.41767883300781,1.25440216064453,1.16327667236328,1.20883941650391,4.94337389106766,4.25124281463017,4.59078652068557
1313,213.256825066667,2.49870300292969,2.31634521484375,2.40752410888672,1.24935150146484,1.15817260742188,1.20376205444336,4.90364654684717,4.21401862400179,4.55230310654262
1314,213.258491733333,2.49870300292969,2.32655334472656,2.41262817382813,1.24935150146484,1.16327667236328,1.20631408691406,4.90364654684717,4.25124281463017,4.57162576297453
1315,213.2601584,2.50335693359375,2.33700561523438,2.42018127441406,1.25167846679688,1.16850280761719,1.21009063720703,4.92193001928432,4.28952687514353,4.600294913274
1316,213.261825066667,2.51055908203125,2.33961486816406,2.42508697509766,1.25527954101563,1.16980743408203,1.21254348754883,4.95029150675697,4.29911068499911,4.6189633844679
1317,213.263491733333,2.51185607910156,2.33847045898438,2.42516326904297,1.25592803955078,1.16923522949219,1.21258163452148,4.95540763575,4.29490594299759,4.61925401691677
1318,213.2651584,2.51185607910156,2.33847045898438,2.42516326904297,1.25592803955078,1.16923522949219,1.21258163452148,4.95540763575,4.29490594299759,4.61925401691677
1319,213.266825066667,2.51185607910156,2.33847045898438,2.42516326904297,1.25592803955078,1.16923522949219,1.21258163452148,4.95540763575,4.29490594299759,4.61925401691677
1320,213.268491733333,2.50587463378906,2.33963012695313,2.42275238037109,1.25293731689453,1.16981506347656,1.21137619018555,4.9318352593059,4.29916676212352,4.61007445210533
1321,213.2701584,2.51763916015625,2.33963012695313,2.42863464355469,1.25881958007813,1.16981506347656,1.21431732177734,4.97825170994881,4.29916676212352,4.63248746574303
1322,213.271825066667,2.50587463378906,2.33576965332031,2.42082214355469,1.25293731689453,1.16788482666016,1.21041107177734,4.9318352593059,4.28499090837374,4.6027315715706
1323,213.273491733333,2.50105285644531,2.3349609375,2.41800689697266,1.25052642822266,1.16748046875,1.20900344848633,4.91287394944552,4.28202422882249,4.5920324875108
1324,213.2751584,2.50105285644531,2.32969665527344,2.41537475585938,1.25052642822266,1.16484832763672,1.20768737792969,4.91287394944552,4.26273793335658,4.58204054010609
1325,213.276825066667,2.50930786132813,2.3349609375,2.42213439941406,1.25465393066406,1.16748046875,1.21106719970703,4.94535845117255,4.28202422882249,4.60772293248653
1326,213.278491733333,2.51115417480469,2.34149169921875,2.42632293701172,1.25557708740234,1.17074584960938,1.21316146850586,4.9526385790591,4.30601091536998,4.62367275585498
1327,213.2801584,2.51115417480469,2.34321594238281,2.42718505859375,1.25557708740234,1.17160797119141,1.21359252929688,4.9526385790591,4.31235502803916,4.62695910837904
1328,213.281825066667,2.50132751464844,2.35124206542969,2.42628479003906,1.25066375732422,1.17562103271484,1.21314239501953,4.91395304317125,4.34194749378128,4.62352736899904
1329,213.283491733333,2.50132751464844,2.35124206542969,2.42628479003906,1.25066375732422,1.17562103271484,1.21314239501953,4.91395304317125,4.34194749378128,4.62352736899904
1330,213.2851584,2.51036071777344,2.34037780761719,2.42536926269531,1.25518035888672,1.17018890380859,1.21268463134766,4.94950927293951,4.30191498923821,4.62003877019918
1331,213.286825066667,2.51036071777344,2.34027099609375,2.42531585693359,1.25518035888672,1.17013549804688,1.2126579284668,4.94950927293951,4.30152233160245,4.61983530924421
1332,213.288491733333,2.50953674316406,2.34016418457031,2.42485046386719,1.25476837158203,1.17008209228516,1.21242523193359,4.94626065561013,4.30112969188743,4.6180624819817
1333,213.2901584,2.50953674316406,2.34016418457031,2.42485046386719,1.25476837158203,1.17008209228516,1.21242523193359,4.94626065561013,4.30112969188743,4.6180624819817
1334,213.291825066667,2.50080871582031,2.34016418457031,2.42048645019531,1.25040435791016,1.17008209228516,1.21024322509766,4.91191485450108,4.30112969188743,4.60145514628808
1335,213.293491733333,2.52204895019531,2.34078979492188,2.43141937255859,1.26102447509766,1.17039489746094,1.2157096862793,4.99570637236556,4.30342969370316,4.64311699216261
1336,213.2951584,2.50955200195313,2.34584045410156,2.42769622802734,1.25477600097656,1.17292022705078,1.21384811401367,4.94632080549847,4.32202051754845,4.62890820501817
1337,213.296825066667,2.50955200195313,2.34584045410156,2.42769622802734,1.25477600097656,1.17292022705078,1.21384811401367,4.94632080549847,4.32202051754845,4.62890820501817
1338,213.298491733333,2.50955200195313,2.35111999511719,2.43033599853516,1.25477600097656,1.17555999755859,1.21516799926758,4.94632080549847,4.34149666046512,4.63898022190667
1339,213.3001584,2.49516296386719,2.35601806640625,2.42559051513672,1.24758148193359,1.17800903320313,1.21279525756836,4.88976190065592,4.35960472024707,4.62088172759745
1340,213.301825066667,2.49774169921875,2.35601806640625,2.4268798828125,1.24887084960938,1.17800903320313,1.21343994140625,4.89987420027379,4.35960472024707,4.62579566425978
1341,213.303491733333,2.49516296386719,2.35601806640625,2.42559051513672,1.24758148193359,1.17800903320313,1.21279525756836,4.88976190065592,4.35960472024707,4.62088172759745
1342,213.3051584,2.49774169921875,2.35450744628906,2.42612457275391,1.24887084960938,1.17725372314453,1.21306228637695,4.89987420027379,4.35401597252758,4.6229167691651
1343,213.306825066667,2.51249694824219,2.35450744628906,2.43350219726563,1.25624847412109,1.17725372314453,1.21675109863281,4.95793658077071,4.35401597252758,4.65107525805633
1344,213.308491733333,2.51249694824219,2.35450744628906,2.43350219726563,1.25624847412109,1.17725372314453,1.21675109863281,4.95793658077071,4.35401597252758,4.65107525805633
1345,213.3101584,2.50202941894531,2.35868835449219,2.43035888671875,1.25101470947266,1.17934417724609,1.21517944335938,4.91671126549085,4.36949258811646,4.63906759939772
1346,213.311825066667,2.50202941894531,2.35423278808594,2.42813110351563,1.25101470947266,1.17711639404297,1.21406555175781,4.91671126549085,4.35300022169177,4.63056671483319
1347,213.313491733333,2.51034545898438,2.35423278808594,2.43228912353516,1.25517272949219,1.17711639404297,1.21614456176758,4.9494491036675,4.35300022169177,4.64643939542262
1348,213.3151584,2.51034545898438,2.34429931640625,2.42732238769531,1.25517272949219,1.17214965820313,1.21366119384766,4.9494491036675,4.31634354087387,4.62748270596041
1349,213.316825066667,2.50112915039063,2.34429931640625,2.42271423339844,1.25056457519531,1.17214965820313,1.21135711669922,4.91317368581646,4.31634354087387,4.60992927920116
1350,213.318491733333,2.50112915039063,2.34646606445313,2.42379760742188,1.25056457519531,1.17323303222656,1.21189880371094,4.91317368581646,4.32432609747083,4.61405307904255
1351,213.3201584,2.52067565917969,2.347412109375,2.43404388427734,1.26033782958984,1.1737060546875,1.21702194213867,4.99026738923865,4.32781375195706,4.65314610678407
1352,213.321825066667,2.52067565917969,2.347412109375,2.43404388427734,1.26033782958984,1.1737060546875,1.21702194213867,4.99026738923865,4.32781375195706,4.65314610678407
1353,213.323491733333,2.51646423339844,2.35455322265625,2.43550872802734,1.25823211669922,1.17727661132813,1.21775436401367,4.97360631324939,4.35418527585403,4.65874845689872
1354,213.3251584,2.51506042480469,2.35899353027344,2.43702697753906,1.25753021240234,1.17949676513672,1.21851348876953,4.96805881232228,4.37062334333123,4.66455861649233
1355,213.326825066667,2.51506042480469,2.35899353027344,2.43702697753906,1.25753021240234,1.17949676513672,1.21851348876953,4.96805881232228,4.37062334333123,4.66455861649233
1356,213.328491733333,2.49526977539063,2.36228942871094,2.42877960205078,1.24763488769531,1.18114471435547,1.21438980102539,4.89018054593418,4.38284482136485,4.63304048301842
1357,213.3301584,2.49526977539063,2.36763000488281,2.43144989013672,1.24763488769531,1.18381500244141,1.21572494506836,4.89018054593418,4.40268436776159,4.64323354760047
1358,213.331825066667,2.50090026855469,2.36763000488281,2.43426513671875,1.25045013427734,1.18381500244141,1.21713256835938,4.91227450413336,4.40268436776159,4.6539920789822
1359,213.333491733333,2.50149536132813,2.36161804199219,2.43155670166016,1.25074768066406,1.18080902099609,1.21577835083008,4.91461254767083,4.38035387710417,4.64364150315346
1360,213.3351584,2.50149536132813,2.35969543457031,2.43059539794922,1.25074768066406,1.17984771728516,1.21529769897461,4.91461254767083,4.37322463550264,4.63997054832346
1361,213.336825066667,2.5216064453125,2.3502197265625,2.4359130859375,1.26080322265625,1.17510986328125,1.21795654296875,4.99395348764802,4.33817248762284,4.66029553258635
1362,213.338491733333,2.5216064453125,2.35102844238281,2.43631744384766,1.26080322265625,1.17551422119141,1.21815872192383,4.99395348764802,4.34115855083864,4.66184286510753
1363,213.3401584,2.50393676757813,2.35102844238281,2.42748260498047,1.25196838378906,1.17551422119141,1.21374130249023,4.92421034357184,4.34115855083864,4.6280936072469
1364,213.341825066667,2.50393676757813,2.35542297363281,2.42967987060547,1.25196838378906,1.17771148681641,1.21483993530273,4.92421034357184,4.35740266445404,4.63647575040824
1365,213.343491733333,2.50593566894531,2.36099243164063,2.43346405029297,1.25296783447266,1.18049621582031,1.21673202514648,4.9320755099533,4.37803340723585,4.65092944101104
1366,213.3451584,2.5086669921875,2.36251831054688,2.43559265136719,1.25433349609375,1.18125915527344,1.21779632568359,4.94283271652557,4.38369416874358,4.65906952695829
1367,213.346825066667,2.50593566894531,2.36099243164063,2.43346405029297,1.25296783447266,1.18049621582031,1.21673202514648,4.9320755099533,4.37803340723585,4.65092944101104
1368,213.348491733333,2.51475524902344,2.36251831054688,2.43863677978516,1.25737762451172,1.18125915527344,1.21931838989258,4.96685324347693,4.38369416874358,4.67072309237607
1369,213.3501584,2.50762939453125,2.35612487792969,2.43187713623047,1.25381469726563,1.17806243896484,1.21593856811523,4.93874479968742,4.36000001991289,4.6448654773369
1370,213.351825066667,2.51356506347656,2.3680419921875,2.44080352783203,1.25678253173828,1.18402099609375,1.22040176391602,4.96215292279828,4.40421670843545,4.67902672840441
1371,213.353491733333,2.51356506347656,2.3680419921875,2.44080352783203,1.25678253173828,1.18402099609375,1.22040176391602,4.96215292279828,4.40421670843545,4.67902672840441
1372,213.3551584,2.51356506347656,2.3680419921875,2.44080352783203,1.25678253173828,1.18402099609375,1.22040176391602,4.96215292279828,4.40421670843545,4.67902672840441
1373,213.356825066667,2.51876831054688,2.36441040039063,2.44158935546875,1.25938415527344,1.18220520019531,1.22079467773438,4.98271816049726,4.39071859226473,4.68204008066548
1374,213.358491733333,2.50869750976563,2.36441040039063,2.43655395507813,1.25434875488281,1.18220520019531,1.21827697753906,4.94295297497481,4.39071859226473,4.66274802770261
1375,213.3601584,2.520751953125,2.36444091796875,2.44259643554688,1.2603759765625,1.18222045898438,1.22129821777344,4.9905694772504,4.39083193550021,4.68590327061142
1376,213.361825066667,2.50828552246094,2.38198852539063,2.44513702392578,1.25414276123047,1.19099426269531,1.22256851196289,4.94132960934369,4.45624655513883,4.69565612417121
1377,213.363491733333,2.50828552246094,2.38198852539063,2.44513702392578,1.25414276123047,1.19099426269531,1.22256851196289,4.94132960934369,4.45624655513883,4.69565612417121
1378,213.3651584,2.50607299804688,2.36630249023438,2.43618774414063,1.25303649902344,1.18315124511719,1.21809387207031,4.93261609530514,4.39774863924297,4.66134652292431
1379,213.366825066667,2.494873046875,2.36630249023438,2.43058776855469,1.2474365234375,1.18315124511719,1.21529388427734,4.88862566809299,4.39774863924297,4.63994141956727
1380,213.368491733333,2.494873046875,2.36827087402344,2.43157196044922,1.2474365234375,1.18413543701172,1.21578598022461,4.88862566809299,4.40506812401461,4.64369978398109
1381,213.3701584,2.51300048828125,2.36885070800781,2.44092559814453,1.25650024414063,1.18442535400391,1.22046279907227,4.95992406159155,4.40722541177144,4.67949475832259
1382,213.371825066667,2.51300048828125,2.38290405273438,2.44795227050781,1.25650024414063,1.19145202636719,1.22397613525391,4.95992406159155,4.4596727677972,4.70647518250841
1383,213.373491733333,2.51727294921875,2.38290405273438,2.45008850097656,1.25863647460938,1.19145202636719,1.22504425048828,4.97680356149047,4.4596727677972,4.71469307361656
1384,213.3751584,2.5140380859375,2.37457275390625,2.44430541992188,1.25701904296875,1.18728637695313,1.22215270996094,4.96402073253148,4.42854275686729,4.69246263247517
1385,213.376825066667,2.51840209960938,2.37457275390625,2.44648742675781,1.25920104980469,1.18728637695313,1.22324371337891,4.98126936250329,4.42854275686729,4.70084420016111
1386,213.378491733333,2.51988220214844,2.3797607421875,2.44982147216797,1.25994110107422,1.18988037109375,1.22491073608398,4.98712621592761,4.44791493751066,4.71366544521172
1387,213.3801584,2.51988220214844,2.3797607421875,2.44982147216797,1.25994110107422,1.18988037109375,1.22491073608398,4.98712621592761,4.44791493751066,4.71366544521172
1388,213.381825066667,2.50552368164063,2.37187194824219,2.43869781494141,1.25276184082031,1.18593597412109,1.2193489074707,4.93045393164234,4.41847456130368,4.67095689667496
1389,213.383491733333,2.50552368164063,2.36408996582031,2.43480682373047,1.25276184082031,1.18204498291016,1.21740341186523,4.93045393164234,4.3895285766158,4.65606357687983
1390,213.3851584,2.51194763183594,2.36874389648438,2.44034576416016,1.25597381591797,1.18437194824219,1.22017288208008,4.95576887411131,4.40682797697669,4.67727182467705
1391,213.386825066667,2.51194763183594,2.36874389648438,2.44034576416016,1.25597381591797,1.18437194824219,1.22017288208008,4.95576887411131,4.40682797697669,4.67727182467705
1392,213.388491733333,2.51332092285156,2.37808227539063,2.44570159912109,1.25666046142578,1.18904113769531,1.22285079956055,4.96118902948254,4.44164284082408,4.69782480184248
1393,213.3901584,2.51495361328125,2.37808227539063,2.44651794433594,1.25747680664063,1.18904113769531,1.22325897216797,4.96763684658572,4.44164284082408,4.70096147791477
1394,213.391825066667,2.51495361328125,2.37808227539063,2.44651794433594,1.25747680664063,1.18904113769531,1.22325897216797,4.96763684658572,4.44164284082408,4.70096147791477
1395,213.393491733333,2.52784729003906,2.38531494140625,2.45658111572266,1.26392364501953,1.19265747070313,1.22829055786133,5.0187036274364,4.46870142639136,4.73971359362737
1396,213.3951584,2.50871276855469,2.38531494140625,2.44701385498047,1.25435638427734,1.19265747070313,1.22350692749023,4.94301310474803,4.46870142639136,4.70286744644887
1397,213.396825066667,2.52784729003906,2.37763977050781,2.45274353027344,1.26392364501953,1.18881988525391,1.22637176513672,5.0187036274364,4.43999002518911,4.72491672927857
1398,213.398491733333,2.525634765625,2.37763977050781,2.45163726806641,1.2628173828125,1.18881988525391,1.2258186340332,5.00992212793741,4.43999002518911,4.72065552709668
1399,213.4001584,2.525634765625,2.37763977050781,2.45163726806641,1.2628173828125,1.18881988525391,1.2258186340332,5.00992212793741,4.43999002518911,4.72065552709668
1400,213.401825066667,2.52259826660156,2.38058471679688,2.45159149169922,1.26129913330078,1.19029235839844,1.22579574584961,4.99788279509087,4.45099558624347,4.72047924290803
1401,213.403491733333,2.51863098144531,2.37713623046875,2.44788360595703,1.25931549072266,1.18856811523438,1.22394180297852,4.98217483656278,4.43810960912509,4.70621115491632
1402,213.4051584,2.52204895019531,2.38058471679688,2.45131683349609,1.26102447509766,1.19029235839844,1.22565841674805,4.99570637236556,4.45099558624347,4.71942160689895
1403,213.406825066667,2.52008056640625,2.37930297851563,2.44969177246094,1.26004028320313,1.18965148925781,1.22484588623047,4.98791141654293,4.44620392681162,4.71316635182819
1404,213.408491733333,2.52204895019531,2.38630676269531,2.45417785644531,1.26102447509766,1.19315338134766,1.22708892822266,4.99570637236556,4.4724183985896,4.73044446033076
1405,213.4101584,2.52008056640625,2.37930297851563,2.44969177246094,1.26004028320313,1.18965148925781,1.22484588623047,4.98791141654293,4.44620392681162,4.71316635182819
1406,213.411825066667,2.51858520507813,2.38630676269531,2.45244598388672,1.25929260253906,1.19315338134766,1.22622299194336,4.98199373516775,4.4724183985896,4.72377042383892
1407,213.413491733333,2.51858520507813,2.37875366210938,2.44866943359375,1.25929260253906,1.18937683105469,1.22433471679688,4.98199373516775,4.44415114845945,4.70923324665
1408,213.4151584,2.52371215820313,2.38887023925781,2.45629119873047,1.26185607910156,1.19443511962891,1.22814559936523,5.00229755178321,4.48203250017552,4.73859493125916
1409,213.416825066667,2.52371215820313,2.37875366210938,2.45123291015625,1.26185607910156,1.18937683105469,1.22561645507813,5.00229755178321,4.44415114845945,4.7190984639759
1410,213.418491733333,2.51817321777344,2.37693786621094,2.44755554199219,1.25908660888672,1.18846893310547,1.22377777099609,4.98036397073295,4.4373689485136,4.70494979197549
1411,213.4201584,2.51625061035156,2.37690734863281,2.44657897949219,1.25812530517578,1.18845367431641,1.22328948974609,4.97276192863738,4.43725500621316,4.70119603781085
1412,213.421825066667,2.51817321777344,2.365478515625,2.44182586669922,1.25908660888672,1.1827392578125,1.22091293334961,4.98036397073295,4.39468647594301,4.68294720183358
1413,213.423491733333,2.4959716796875,2.35957336425781,2.42777252197266,1.24798583984375,1.17978668212891,1.21388626098633,4.89293208930129,4.37277218127325,4.62919915016577
1414,213.4251584,2.50090026855469,2.365478515625,2.43318939208984,1.25045013427734,1.1827392578125,1.21659469604492,4.91227450413336,4.39468647594301,4.64987962576202
1415,213.426825066667,2.49673461914063,2.36465454101563,2.43069458007813,1.24836730957031,1.18232727050781,1.21534729003906,4.89592377505986,4.39162537911032,4.64034923047423
1416,213.428491733333,2.50090026855469,2.37014770507813,2.43552398681641,1.25045013427734,1.18507385253906,1.2177619934082,4.91227450413336,4.41205283571017,4.6588068324503
1417,213.4301584,2.49673461914063,2.36465454101563,2.43069458007813,1.24836730957031,1.18232727050781,1.21534729003906,4.89592377505986,4.39162537911032,4.64034923047423
1418,213.431825066667,2.48829650878906,2.35624694824219,2.42227172851563,1.24414825439453,1.17812347412109,1.21113586425781,4.86288659604875,4.36045181290331,4.60824544055966
1419,213.433491733333,2.48741149902344,2.35321044921875,2.42031097412109,1.24370574951172,1.17660522460938,1.21015548706055,4.85942805582667,4.34922041277327,4.60078799442995
1420,213.4351584,2.48741149902344,2.339111328125,2.41326141357422,1.24370574951172,1.1695556640625,1.20663070678711,4.85942805582667,4.29726034506788,4.57402589664116
1421,213.436825066667,2.49319458007813,2.32981872558594,2.41150665283203,1.24659729003906,1.16490936279297,1.20575332641602,4.88205007442169,4.26318465879877,4.5673764694944
1422,213.438491733333,2.49319458007813,2.32981872558594,2.41150665283203,1.24659729003906,1.16490936279297,1.20575332641602,4.88205007442169,4.26318465879877,4.5673764694944
1423,213.4401584,2.47984313964844,2.32643127441406,2.40313720703125,1.23992156982422,1.16321563720703,1.20156860351563,4.82990182223767,4.25079671531692,4.535728142986
1424,213.441825066667,2.47984313964844,2.33445739746094,2.40715026855469,1.23992156982422,1.16722869873047,1.20357513427734,4.82990182223767,4.28017756995887,4.55088945309828
1425,213.443491733333,2.48056030273438,2.37924194335938,2.42990112304688,1.24028015136719,1.18962097167969,1.21495056152344,4.83269581198998,4.44597581692136,4.63732020592606
1426,213.4451584,2.49421691894531,2.37924194335938,2.43672943115234,1.24710845947266,1.18962097167969,1.21836471557617,4.88605468191538,4.44597581692136,4.66341965673009
1427,213.446825066667,2.50556945800781,2.3759765625,2.44077301025391,1.25278472900391,1.18798828125,1.22038650512695,4.93063409384397,4.43378046879902,4.67890972458216
1428,213.448491733333,2.52140808105469,2.36974589029948,2.44557698567708,1.26070404052734,1.18487294514974,1.22278849283854,4.99316781158431,4.41055699833714,4.69734608668429
1429,213.4501584,2.52140808105469,2.36351521809896,2.44246164957682,1.26070404052734,1.18175760904948,1.22123082478841,4.99316781158431,4.38739450819312,4.68538613517098
1430,213.451825066667,2.5087890625,2.35728454589844,2.43303680419922,1.25439453125,1.17864227294922,1.21651840209961,4.94331375910006,4.36429299836696,4.64929644627025
1431,213.453491733333,2.34972310066223,2.33317565917969,2.34144937992096,1.17486155033112,1.16658782958984,1.17072468996048,4.33633927929418,4.27547878095545,4.30585526612166
1432,213.4551584,2.34972310066223,2.33273540171542,2.34122925118883,1.17486155033112,1.16636770085771,1.17061462559441,4.33633927929418,4.27386541434218,4.30504568389158
1433,213.456825066667,2.3515305519104,2.33229514425115,2.34191284808078,1.1757652759552,1.16614757212558,1.17095642404039,4.34301303272686,4.27225235219108,4.30756004295061
1434,213.458491733333,2.35333800315857,2.33185488678688,2.34259644497273,1.17666900157928,1.16592744339344,1.17129822248636,4.34969191776267,4.27063959450214,4.31007513605016
1435,213.4601584,2.35514545440674,2.33141462932261,2.34328004186468,1.17757272720337,1.16570731466131,1.17164002093234,4.35637593440161,4.26902714127537,4.31259096319024
1436,213.461825066667,2.35695290565491,2.33097437185835,2.34396363875663,1.17847645282745,1.16548718592917,1.17198181937831,4.36306508264367,4.26741499251076,4.31510752437084
1437,213.463491733333,2.35876035690308,2.33053411439408,2.34464723564858,1.17938017845154,1.16526705719704,1.17232361782429,4.36975936248886,4.26580314820832,4.31762481959196
1438,213.4651584,2.36056780815125,2.33009385692981,2.34533083254053,1.18028390407562,1.1650469284649,1.17266541627026,4.37645877393717,4.26419160836805,4.32014284885361
1439,213.466825066667,2.36237525939941,2.32965359946554,2.34601442943248,1.18118762969971,1.16482679973277,1.17300721471624,4.38316331698861,4.26258037298994,4.32266161215578
1440,213.468491733333,2.36418271064758,2.32921334200127,2.34669802632443,1.18209135532379,1.16460667100064,1.17334901316221,4.38987299164318,4.260969442074,4.32518110949847
1441,213.4701584,2.36599016189575,2.328773084537,2.34738162321638,1.18299508094788,1.1643865422685,1.17369081160819,4.39658779790088,4.25935881562022,4.32770134088169
1442,213.471825066667,2.36779761314392,2.32833282707273,2.34806522010833,1.18389880657196,1.16416641353637,1.17403261005416,4.4033077357617,4.25774849362861,4.33022230630543
1443,213.473491733333,2.36960506439209,2.32789256960847,2.34874881700028,1.18480253219604,1.16394628480423,1.17437440850014,4.41003280522565,4.25613847609916,4.33274400576969
1444,213.4751584,2.37141251564026,2.3274523121442,2.34943241389223,1.18570625782013,1.1637261560721,1.17471620694611,4.41676300629273,4.25452876303189,4.33526643927448
1445,213.476825066667,2.37321996688843,2.32701205467993,2.35011601078418,1.18660998344421,1.16350602733996,1.17505800539209,4.42349833896293,4.25291935442677,4.33778960681978
1446,213.478491733333,2.3750274181366,2.32657179721566,2.35079960767613,1.1875137090683,1.16328589860783,1.17539980383806,4.43023880323626,4.25131025028383,4.34031350840562
1447,213.4801584,2.37683486938477,2.32613153975139,2.35148320456808,1.18841743469238,1.1630657698757,1.17574160228404,4.43698439911272,4.24970145060305,4.34283814403197
1448,213.481825066667,2.37864232063293,2.32569128228712,2.35216680146003,1.18932116031647,1.16284564114356,1.17608340073001,4.4437351265923,4.24809295538443,4.34536351369885
1449,213.483491733333,2.3804497718811,2.32525102482286,2.35285039835198,1.19022488594055,1.16262551241143,1.17642519917599,4.45049098567501,4.24648476462799,4.34788961740625
1450,213.4851584,2.38225722312927,2.32481076735859,2.35353399524393,1.19112861156464,1.16240538367929,1.17676699762197,4.45725197636085,4.2448768783337,4.35041645515417
1451,213.486825066667,2.38406467437744,2.32437050989432,2.35421759213588,1.19203233718872,1.16218525494716,1.17710879606794,4.46401809864981,4.24326929650159,4.35294402694262
1452,213.488491733333,2.38587212562561,2.32393025243005,2.35490118902783,1.19293606281281,1.16196512621503,1.17745059451392,4.4707893525419,4.24166201913164,4.35547233277159
1453,213.4901584,2.38767957687378,2.32348999496578,2.35558478591978,1.19383978843689,1.16174499748289,1.17779239295989,4.47756573803712,4.24005504622386,4.35800137264108
1454,213.491825066667,2.38948702812195,2.32304973750151,2.35626838281173,1.19474351406097,1.16152486875076,1.17813419140587,4.48434725513547,4.23844837777824,4.36053114655109
1455,213.493491733333,2.39129447937012,2.32260948003725,2.35695197970368,1.19564723968506,1.16130474001862,1.17847598985184,4.49113390383694,4.23684201379479,4.36306165450163
1456,213.4951584,2.39310193061829,2.32216922257298,2.35763557659563,1.19655096530914,1.16108461128649,1.17881778829782,4.49792568414154,4.2352359542735,4.36559289649269
1457,213.496825066667,2.39490938186646,2.32172896510871,2.35831917348758,1.19745469093323,1.16086448255435,1.17915958674379,4.50472259604926,4.23363019921438,4.36812487252428
1458,213.498491733333,2.39671683311462,2.32128870764444,2.35900277037953,1.19835841655731,1.16064435382222,1.17950138518977,4.51152463956012,4.23202474861743,4.37065758259638
1459,213.5001584,2.39852428436279,2.32084845018017,2.35968636727148,1.1992621421814,1.16042422509009,1.17984318363574,4.5183318146741,4.23041960248264,4.37319102670901
1460,213.501825066667,2.40033173561096,2.3204081927159,2.36036996416343,1.20016586780548,1.16020409635795,1.18018498208172,4.5251441213912,4.22881476081002,4.37572520486217
1461,213.503491733333,2.40213918685913,2.31996793525164,2.36105356105538,1.20106959342957,1.15998396762582,1.18052678052769,4.53196155971144,4.22721022359957,4.37826011705585
1462,213.5051584,2.4039466381073,2.31952767778737,2.36173715794733,1.20197331905365,1.15976383889368,1.18086857897367,4.5387841296348,4.22560599085128,4.38079576329004
1463,213.506825066667,2.40575408935547,2.3190874203231,2.36242075483928,1.20287704467773,1.15954371016155,1.18121037741964,4.54561183116128,4.22400206256515,4.38333214356477
1464,213.508491733333,2.40756154060364,2.31864716285883,2.36310435173123,1.20378077030182,1.15932358142941,1.18155217586562,4.5524446642909,4.2223984387412,4.38586925788001
1465,213.5101584,2.40936899185181,2.31820690539456,2.36378794862318,1.2046844959259,1.15910345269728,1.18189397431159,4.55928262902364,4.2207951193794,4.38840710623578
1466,213.511825066667,2.41117644309998,2.31776664793029,2.36447154551513,1.20558822154999,1.15888332396515,1.18223577275757,4.5661257253595,4.21919210447978,4.39094568863207
1467,213.513491733333,2.41298389434814,2.31732639046602,2.36515514240708,1.20649194717407,1.15866319523301,1.18257757120354,4.5729739532985,4.21758939404232,4.39348500506889
1468,213.5151584,2.41479134559631,2.31688613300176,2.36583873929903,1.20739567279816,1.15844306650088,1.18291936964952,4.57982731284062,4.21598698806703,4.39602505554623
1469,213.516825066667,2.41659879684448,2.31644587553749,2.36652233619099,1.20829939842224,1.15822293776874,1.18326116809549,4.58668580398587,4.2143848865539,4.39856584006409
1470,213.518491733333,2.41840624809265,2.31600561807322,2.36720593308294,1.20920312404633,1.15800280903661,1.18360296654147,4.59354942673424,4.21278308950294,4.40110735862247
1471,213.5201584,2.42021369934082,2.31556536060895,2.36788952997489,1.21010684967041,1.15778268030448,1.18394476498744,4.60041818108574,4.21118159691414,4.40364961122138
1472,213.521825066667,2.42202115058899,2.31512510314468,2.36857312686684,1.21101057529449,1.15756255157234,1.18428656343342,4.60729206704037,4.20958040878752,4.40619259786081
1473,213.523491733333,2.42382860183716,2.31468484568041,2.36925672375879,1.21191430091858,1.15734242284021,1.18462836187939,4.61417108459813,4.20797952512305,4.40873631854076
1474,213.5251584,2.42563605308533,2.31424458821615,2.36994032065074,1.21281802654266,1.15712229410807,1.18497016032537,4.62105523375901,4.20637894592076,4.41128077326124
1475,213.526825066667,2.4274435043335,2.31380433075188,2.37062391754269,1.21372175216675,1.15690216537594,1.18531195877134,4.62794451452302,4.20477867118063,4.41382596202224
1476,213.528491733333,2.42925095558167,2.31336407328761,2.37130751443464,1.21462547779083,1.1566820366438,1.18565375721732,4.63483892689016,4.20317870090266,4.41637188482376
1477,213.5301584,2.43105840682983,2.31292381582334,2.37199111132659,1.21552920341492,1.15646190791167,1.18599555566329,4.64173847086042,4.20157903508686,4.41891854166581
1478,213.531825066667,2.432865858078,2.31248355835907,2.37267470821854,1.216432929039,1.15624177917954,1.18633735410927,4.64864314643381,4.19997967373323,4.42146593254837
1479,213.533491733333,2.43467330932617,2.3120433008948,2.37335830511049,1.21733665466309,1.1560216504474,1.18667915255524,4.65555295361033,4.19838061684176,4.42401405747146
1480,213.5351584,2.43648076057434,2.31160304343054,2.37404190200244,1.21824038028717,1.15580152171527,1.18702095100122,4.66246789238997,4.19678186441246,4.42656291643508
1481,213.536825066667,2.43828821182251,2.31116278596627,2.37472549889439,1.21914410591125,1.15558139298313,1.18736274944719,4.66938796277274,4.19518341644533,4.42911250943922
1482,213.538491733333,2.44009566307068,2.310722528502,2.37540909578634,1.22004783153534,1.155361264251,1.18770454789317,4.67631316475864,4.19358527294036,4.43166283648388
1483,213.5401584,2.44190311431885,2.31028227103773,2.37609269267829,1.22095155715942,1.15514113551886,1.18804634633914,4.68324349834766,4.19198743389756,4.43421389756906
1484,213.541825066667,2.44371056556702,2.30984201357346,2.37677628957024,1.22185528278351,1.15492100678673,1.18838814478512,4.69017896353981,4.19038989931692,4.43676569269477
1485,213.543491733333,2.44551801681519,2.30940175610919,2.37745988646219,1.22275900840759,1.1547008780546,1.18872994323109,4.69711956033509,4.18879266919845,4.439318221861
1486,213.5451584,2.44732546806335,2.30896149864492,2.37814348335414,1.22366273403168,1.15448074932246,1.18907174167707,4.70406528873349,4.18719574354215,4.44187148506775
1487,213.546825066667,2.44913291931152,2.30852124118066,2.37882708024609,1.22456645965576,1.15426062059033,1.18941354012305,4.71101614873503,4.18559912234801,4.44442548231502
1488,213.548491733333,2.45094037055969,2.30808098371639,2.37951067713804,1.22547018527985,1.15404049185819,1.18975533856902,4.71797214033969,4.18400280561604,4.44698021360282
1489,213.5501584,2.45274782180786,2.30764072625212,2.38019427402999,1.22637391090393,1.15382036312606,1.190097137015,4.72493326354747,4.18240679334623,4.44953567893114
1490,213.551825066667,2.45455527305603,2.30720046878785,2.38087787092194,1.22727763652802,1.15360023439393,1.19043893546097,4.73189951835838,4.18081108553859,4.45209187829999
1491,213.553491733333,2.4563627243042,2.30676021132358,2.38156146781389,1.2281813621521,1.15338010566179,1.19078073390695,4.73887090477242,4.17921568219312,4.45464881170936
1492,213.5551584,2.45817017555237,2.30631995385931,2.38224506470584,1.22908508777618,1.15315997692966,1.19112253235292,4.74584742278959,4.17762058330981,4.45720647915925
1493,213.556825066667,2.45997762680054,2.30587969639505,2.38292866159779,1.22998881340027,1.15293984819752,1.1914643307989,4.75282907240988,4.17602578888867,4.45976488064966
1494,213.558491733333,2.46178507804871,2.30543943893078,2.38361225848974,1.23089253902435,1.15271971946539,1.19180612924487,4.7598158536333,4.1744312989297,4.4623240161806
1495,213.5601584,2.46359252929688,2.30499918146651,2.38429585538169,1.23179626464844,1.15249959073325,1.19214792769085,4.76680776645985,4.17283711343289,4.46488388575206
1496,213.561825066667,2.46539998054504,2.30455892400224,2.38497945227364,1.23269999027252,1.15227946200112,1.19248972613682,4.77380481088952,4.17124323239824,4.46744448936404
1497,213.563491733333,2.46720743179321,2.30411866653797,2.38566304916559,1.23360371589661,1.15205933326899,1.1928315245828,4.78080698692232,4.16964965582576,4.47000582701655
1498,213.5651584,2.46901488304138,2.3036784090737,2.38634664605754,1.23450744152069,1.15183920453685,1.19317332302877,4.78781429455825,4.16805638371545,4.47256789870958
1499,213.566825066667,2.47082233428955,2.30323815160944,2.38703024294949,1.23541116714478,1.15161907580472,1.19351512147475,4.7948267337973,4.16646341606731,4.47513070444313
1500,213.568491733333,2.47262978553772,2.30279789414517,2.38771383984144,1.23631489276886,1.15139894707258,1.19385691992072,4.80184430463948,4.16487075288133,4.4776942442172
1501,213.5701584,2.47443723678589,2.3023576366809,2.38839743673339,1.23721861839294,1.15117881834045,1.1941987183667,4.80886700708479,4.16327839415752,4.4802585180318
1502,213.571825066667,2.47624468803406,2.30191737921663,2.38908103362534,1.23812234401703,1.15095868960832,1.19454051681267,4.81589484113323,4.16168633989587,4.48282352588692
